0.0194010960292
0.00712660632181
0.0683274312332
0.0347116747559
0.00313114614752
0.00289331983798
0.0304411912992
0.0294579186111
0.00982332768488
0.0113476839683
0.0168450100602
0.00703166619131
0.045854154724
0.0325509271149
0.00318852230617
0.00741751558656
0.000558926510727
0.000730298935197
0.000805199376225
0.00153221329709
0.00105006269907
0.00106746185108
0.00162989921912
0.000650399449459
0.00325929398458
0.000234928377764
0.00065658035886
0.000703209425808
0.00129896826378
0.00155363708904
0.00151359207351
0.00562032551553
0.00203392427327
0.00299692118127
0.00111565916532
0.00121415390313
0.00105936148716
0.00258961633694
0.00036319665787
0.00238168268951
0.00086546509616
0.00209305708804
0.00309654107093
0.00222196991791
0.000834986553128
0.000621984695771
0.00405921250433
0.000693023068075
0.00170119975536
0.000581583728471
0.000645100448188
0.00689972204248
0.000601918532378
0.00185498776285
0.00831521647321
0.00258833747446
0.00106812427994
0.000618359438718
0.00140599729123
0.000964155941192
0.00166375958385
0.00407949224676
0.00116534404268
0.00266391061891
0.00469763997364
0.00285143470281
0.00574515140543
0.00161887677
0.0051796847007
0.00706294316319
0.00359613310189
0.00381722152858
0.0057863502104
0.00237350050464
0.00424733502558
0.00439564991124
0.00440801654132
0.00314423307449
0.00539766818702
0.0041517416377
0.00388797063627
0.0043126345253
0.00646305246051
0.00283608750945
0.00564964504983
0.00596956528291
0.00833599865995
0.00540478397997
0.00414593540035
0.00691304239751
0.007656449607
0.00211017336391
0.00352612679401
0.00493494221918
0.00546409340504
0.00343786965287
0.00475179965426
0.00559756936482
0.00347287089562
0.0052858123819
0.00682801278146
0.00400828783377
0.0062759680003
0.00299172051664
0.00407873268665
0.00365513853772
0.00596323560633
0.00803753473826
0.00184301730451
0.0077486157345
0.00575182007259
0.00609069216607
0.00324595931013
0.00505669230005
0.00700548729485
0.00898747936528
0.00824733010876
0.00318420413461
0.00699669281727
0.0047782493285
0.00457266996646
0.00497502490725
0.00421924761573
0.00552880870738
0.00772701266758
0.00696028138577
0.00558587041073
0.0064683996545
0.00794755039293
0.00821688031097
0.00669020811006
0.00994720897331
0.0123426138775
0.00675319866838
0.00782600182817
0.00577172682128
0.00795199326641
0.0104991947786
0.00448024183947
0.00732141533232
0.00720046518071
0.00552417840114
0.0111187437344
0.0134340705436
0.00794933847549
0.00897612569312
0.00648341708004
0.00812922886232
0.00744852009316
0.0388497235708
0.0115991501759
0.00652484954292
0.0280996111654

