0.0109861286685
0.00745651167122
0.0207146153558
0.0130182306713
0.00265255142471
0.00346102860883
0.0126514853267
0.0127751694096
0.00927526366672
0.00948563422681
0.0221611636474
0.0145218288338
0.0148611643455
0.0190400608887
0.0047911979762
0.0104983767764
0.000947252936201
0.00110398979249
0.00139581756801
0.00199336073115
0.00196819149228
0.0023377664905
0.00272464735437
0.00103132277813
0.00172237531299
0.000953452604491
0.0010273980517
0.001415512061
0.00089888006852
0.00318664614443
0.00210816063452
0.0114168692561
0.00249551093688
0.00375664646196
0.00193860428578
0.00161365418645
0.00197940338712
0.00395009122515
0.000759644153282
0.00272141770719
0.00142520508369
0.00377590446979
0.00361072125619
0.00338290273209
0.00148048554648
0.00127235936266
0.00393291968053
0.00159373536321
0.00394589279008
0.00172437836215
0.00165934043533
0.00829823940341
0.00105847420271
0.0037254888818
0.0129360016496
0.00852937698889
0.00183510141578
0.00122216231858
0.00260431284145
0.00198442217079
0.00249097707913
0.00455156363397
0.00264668840106
0.00330072693196
0.00697125934173
0.00344564456319
0.00800859692359
0.00354752200123
0.00647503302203
0.00721110443879
0.00475024615652
0.0050988248959
0.00572151661306
0.00362084269404
0.00593173071574
0.00472822380335
0.00559854047282
0.00425666702538
0.00553283463115
0.00748245764767
0.00727545886588
0.009745017088
0.00588282188115
0.00440130662645
0.00647137025068
0.00609593417937
0.00718386927704
0.00793609015961
0.00379506557676
0.00707125984312
0.0111752413078
0.00297512740514
0.00471685421767
0.00633291472992
0.00736513445877
0.00469607005583
0.0056159412457
0.00637331955105
0.00430343653042
0.00795873819561
0.0127909114615
0.0103686139725
0.00759558077017
0.00422146470126
0.00485210592001
0.00543500673386
0.0076850858512
0.00754203566155
0.00343469189209
0.00666097398799
0.00673842630544
0.00824545049959
0.00555436594686
0.00558356553079
0.00642963460584
0.0125802591813
0.01219182871
0.00499617391349
0.00762022434931
0.00944334972727
0.00652385868731
0.00549740060512
0.00852536963393
0.0125152161052
0.00660798565149
0.00703893000741
0.00501241751392
0.0127745157157
0.00785445572077
0.0072832151076
0.00673757208881
0.0104465906152
0.0103593768411
0.0152491603488
0.0080989467161
0.0104125939292
0.00761489150086
0.00896769384754
0.00563670250907
0.00617274697955
0.00695279973165
0.0149068077757
0.00710276464837
0.00886739780102
0.00653591863195
0.0090829306787
0.0110247725588
0.00748101148842
0.0074459077935
0.0243400673202
0.00994895433358
0.0138249934966
0.0106498593825

