0.994513310303
0.749423963134
0.0103831307223
0.00701313286265
0.0235916638901
0.0163564071135
0.00402860835313
0.00450373207511
0.0142344778419
0.0143971553541
0.00933134568066
0.00984872392192
0.0129946811817
0.00765227330803
0.0169707379909
0.0120392387285
0.00760091683345
0.0084897246998
0.00120507284444
0.00117889764567
0.00180553217452
0.00242352526408
0.00164384192917
0.00224490937075
0.00526383387097
0.000718137312531
0.00151646867381
0.000676476719325
0.00113096567832
0.00115192234634
0.000863323635132
0.00363418977784
0.00486800933105
0.0103944484912
0.00342595742223
0.00463936580066
0.00215397123493
0.00198817537621
0.00195981149077
0.00668642812964
0.000508695880117
0.00234964007774
0.00120076438929
0.00451880746531
0.00322376076069
0.00420898797547
0.0010225545747
0.00127036188234
0.00480035728241
0.00108573855091
0.00331721332457
0.00115707820637
0.0011924634441
0.0100822645613
0.00145683347026
0.00345725703265
0.0102014165005
0.00520923928038
0.00143356095005
0.000791894415912
0.0026720786192
0.0022851698942
0.00293282424014
0.00462606064419
0.00202377427864
0.00398246798425
0.00749632142765
0.00294944954645
0.00718020229481
0.00368811953785
0.0101551543582
0.0091064331411
0.0064379845272
0.00857138630162
0.00690328415643
0.00472009200255
0.00685622483561
0.00920683757213
0.00753508667932
0.00595448128897
0.00475095640056
0.0066490933033
0.00612652970034
0.0066491015402
0.00811558991898
0.00519458389058
0.00698695131002
0.00795028716543
0.00866933545912
0.01254859015
0.0041268020386
0.00884700390092
0.00753147830598
0.00300799207693
0.00548235888151
0.00721244202955
0.00912621546338
0.00578550914046
0.00697844116136
0.00700489114253
0.00514074947226
0.00705788135969
0.00926762861748
0.00741742032904
0.00717777209025
0.00509166317683
0.00594787587799
0.00686620644292
0.00674155008958
0.00876697625469
0.00365934152007
0.0078455174394
0.00860560891366
0.0113234092508
0.00449166272314
0.00638105802562
0.00876964097599
0.00862887439943
0.00826119141013
0.00455203463551
0.00706943918357
0.00679668495218
0.00751996993946
0.00748663705941
0.00730144577741
0.00673744104362
0.00785065484604
0.0086447286752
0.00614512104613
0.00765421827942
0.00914515578596
0.00958182971213
0.00812063163616
0.0112718367086
0.00840779783174
0.00774848652246
0.00918383159004
0.00821646157281
0.00907707912393
0.0112103668012
0.00616463948317
0.00736418005842
0.00840615534388
0.00635726630077
0.0102871889701
0.0143370454007
0.00715043716299
0.00760098685978
0.00756449526681
0.00915480101886
0.0097583655694
0.0138113355885
0.0088069733803
0.00752554578388
0.0110210113077
