0 101.88 3.0 1.7465 286.33232 0.0 0.0 24.0 21.0 6.0 7.0 13.0 1.0 80.4039 10.0 0 0 
0 73.44 1.0 5.0067 404.45836 0.0 0.0 34.0 31.0 6.0 5.0 12.0 1.0 116.3302 21.0 0 0 
0 33.12 1.0 5.3986 349.50904 0.0 0.0 30.0 26.0 2.0 2.0 22.0 2.0 107.7588 6.0 0 0 
0 92.24 3.0 1.4123 337.43386 0.0 0.0 26.0 26.0 7.0 5.0 18.0 2.0 96.3114 6.0 1 0 
1 78.46 1.0 2.6456 353.17678 0.0 0.0 24.0 23.0 4.0 4.0 10.0 2.0 86.5072 12.0 0 1 
1 116.16 0.0 4.4792 352.31756 0.0 0.0 28.0 26.0 4.0 4.0 7.0 4.0 95.5125 17.0 0 1 
1 66.43 0.0 -0.0246 179.14948 0.0 0.0 13.0 13.0 3.0 4.0 5.0 2.0 42.958 6.0 0 1 
1 49.33 2.0 1.4236 151.16256 0.0 0.0 11.0 11.0 3.0 3.0 4.0 1.0 42.7777 6.0 0 0 
0 29.1 1.0 1.718 135.16316 0.0 0.0 10.0 10.0 2.0 2.0 3.0 1.0 40.7547 6.0 0 0 
0 151.66 2.0 0.998 222.24544 0.0 0.0 13.0 13.0 7.0 8.0 5.0 3.0 45.2161 5.0 0 0 
0 17.07 0.0 0.5953 58.07914 0.0 0.0 3.0 4.0 1.0 1.0 2.0 1.0 16.735 0.0 0 0 
0 47.51 1.0 1.3518 352.84066 0.0 0.0 29.0 26.0 4.0 4.0 11.0 1.0 104.4187 17.0 1 0 
0 48.14 3.0 1.7716 327.44058 0.0 0.0 30.0 25.0 4.0 3.0 24.0 0.0 100.8373 6.0 1 0 
1 92.31 2.0 3.3163 265.3314 0.0 0.0 20.0 19.0 6.0 5.0 9.0 1.0 73.2154 10.0 0 0 
0 77.3 4.0 0.2798 240.31868 0.0 0.0 19.0 19.0 5.0 3.0 13.0 0.0 68.853 6.0 1 0 
0 86.69 1.0 1.536 417.52512 0.0 0.0 33.0 31.0 7.0 8.0 20.0 2.0 120.3937 11.0 1 0 
0 65.99 2.0 1.7992 336.47224 0.0 0.0 27.0 25.0 5.0 3.0 15.0 2.0 99.6944 10.0 1 0 
1 53.92 1.0 2.3462 294.35102 0.0 0.0 26.0 23.0 4.0 4.0 10.0 1.0 89.4632 15.0 0 0 
0 37.61 0.0 5.4992 404.33282 0.0 0.0 29.0 27.0 3.0 4.0 12.0 1.0 112.359 16.0 0 0 
0 43.07 0.0 3.0157 308.76492 0.0 0.0 25.0 22.0 3.0 4.0 7.0 1.0 90.651 17.0 0 0 
0 46.07 2.0 1.1266 250.35656 0.0 0.0 20.0 20.0 4.0 2.0 13.0 1.0 76.2962 6.0 1 0 
0 62.86 3.0 2.7419 379.11076 0.0 0.0 21.0 20.0 4.0 2.0 15.0 0.0 83.1616 6.0 1 0 
0 72.19 2.0 2.2632 232.27834 0.0 0.0 18.0 17.0 4.0 4.0 10.0 2.0 69.5401 6.0 0 0 
0 30.88 1.0 1.2339 193.30854 0.0 0.0 17.0 17.0 4.0 1.0 11.0 0.0 64.1601 6.0 1 0 
0 81.84 2.0 -0.2807 334.3454632 0.0 1.0 27.0 25.0 5.0 6.0 14.0 2.0 95.4494 11.0 1 1 
1 43.88 1.0 5.5191 646.31954 0.0 0.0 34.0 32.0 3.0 3.0 17.0 1.0 145.5902 16.0 1 0 
1 30.17 0.0 1.5504 231.29358 0.0 0.0 18.0 17.0 2.0 4.0 6.0 1.0 70.464 11.0 0 0 
1 4.44 1.0 2.7515 278.41126 0.0 0.0 24.0 22.0 1.0 0.0 11.0 1.0 92.2197 12.0 1 0 
0 101.5 2.0 1.8783 409.88384 0.0 0.0 32.0 31.0 9.0 6.0 22.0 4.0 110.1838 6.0 1 0 
0 49.59 3.0 3.8351 356.86912 0.0 0.0 28.0 26.0 4.0 2.0 11.0 0.0 106.6674 17.0 1 0 
1 43.05 2.0 3.5599 315.79732 0.0 0.0 28.0 25.0 5.0 2.0 15.0 1.0 101.1151 12.0 2 0 
0 27.64 1.0 0.8595 136.21416 0.0 0.0 13.0 13.0 3.0 0.0 7.0 0.0 44.9871 6.0 1 0 
1 139.57 3.0 4.4557 505.6269 0.0 0.0 37.0 35.0 9.0 9.0 22.0 3.0 133.6159 12.0 0 0 
0 78.29 0.0 2.92876 293.36626 2.0 0.0 23.0 22.0 4.0 5.0 10.0 0.0 83.809 11.0 0 0 
0 26.02 1.0 1.85 93.12648 0.0 0.0 7.0 7.0 1.0 1.0 1.0 0.0 30.8464 6.0 0 0 
0 34.14 0.0 2.462 208.21212 0.0 0.0 18.0 16.0 2.0 2.0 4.0 2.0 59.749 12.0 0 0 
1 26.93 0.0 1.4844 188.22578 0.0 0.0 15.0 14.0 1.0 3.0 3.0 1.0 56.257 11.0 0 0 
0 60.47 1.0 1.3712 308.41912 0.0 0.0 25.0 23.0 6.0 5.0 23.0 2.0 96.7744 0.0 1 1 
0 44.9 3.0 3.002 268.33032 0.0 0.0 24.0 21.0 3.0 2.0 12.0 0.0 83.9817 12.0 1 0 
0 84.44 3.0 5.1042 535.4346024 0.0 7.0 43.0 40.0 7.0 4.0 25.0 1.0 119.7821 17.0 1 0 
0 7.68 1.0 2.9752 323.49494 0.0 0.0 27.0 25.0 2.0 1.0 15.0 0.0 105.7907 12.0 1 0 
0 127.52 1.0 2.9868 388.3713 0.0 0.0 29.0 28.0 8.0 6.0 16.0 7.0 104.3387 6.0 0 0 
0 193.03 5.0 0.397 508.63414 0.0 0.0 38.0 36.0 10.0 10.0 27.0 5.0 139.2234 6.0 1 1 
0 46.01 2.0 5.2144 449.39332 0.0 0.0 34.0 31.0 5.0 4.0 21.0 1.0 134.2184 12.0 1 0 
0 53.99 0.0 2.3949 282.33218 0.0 0.0 23.0 20.0 5.0 5.0 22.0 1.0 70.379 0.0 0 0 
0 103.35 0.0 1.2677 383.41288 0.0 0.0 30.0 27.0 7.0 8.0 28.0 2.0 90.5215 0.0 0 1 
0 43.52 2.0 5.5764 459.5782832 0.0 1.0 39.0 35.0 4.0 4.0 17.0 0.0 140.2264 22.0 1 0 
0 34.14 0.0 4.2535 298.41924 0.0 0.0 25.0 22.0 2.0 2.0 21.0 4.0 88.73 0.0 0 0 
0 171.22 5.0 5.7752 704.85548 0.0 0.0 53.0 51.0 13.0 13.0 31.0 4.0 193.7586 18.0 0 0 
0 114.62 3.0 5.0519 557.6318632 0.0 1.0 44.0 41.0 5.0 7.0 19.0 2.0 156.3133 23.0 0 1 
0 57.2 0.0 5.221 365.82952 0.0 0.0 29.0 26.0 2.0 3.0 14.0 3.0 100.668 12.0 0 1 
0 68.82 0.0 9.151 500.71308 0.0 0.0 36.0 35.0 4.0 4.0 21.0 3.0 147.651 12.0 0 1 
0 113.03 3.0 3.4593 459.58494 0.0 0.0 37.0 34.0 9.0 7.0 19.0 2.0 133.2431 16.0 1 0 
0 36.84 2.0 3.4651 268.37338 0.0 0.0 24.0 22.0 3.0 1.0 12.0 0.0 86.5402 12.0 1 0 
0 156.49 3.0 4.1907 478.64792 0.0 0.0 37.0 34.0 9.0 8.0 30.0 2.0 128.9799 5.0 0 0 
0 17.33 1.0 3.8598 291.41002 0.0 0.0 26.0 23.0 2.0 1.0 13.0 1.0 96.3277 12.0 1 0 
0 39.33 1.0 4.4496 382.9064 0.0 0.0 31.0 28.0 3.0 3.0 13.0 1.0 116.2297 17.0 1 0 
0 73.8 1.0 3.1915 458.96106 0.0 0.0 36.0 33.0 7.0 7.0 22.0 3.0 140.2567 11.0 1 0 
0 182.48 7.0 0.6357 751.00036 0.0 0.0 56.0 54.0 14.0 12.0 55.0 1.0 202.9984 0.0 2 0 
0 114.89 2.0 4.8244 492.5436 0.0 0.0 40.0 37.0 8.0 5.0 22.0 6.0 143.8994 12.0 1 0 
0 94.83 3.0 2.165 408.91566 0.0 0.0 31.0 28.0 5.0 5.0 27.0 4.0 106.7014 0.0 0 0 
0 114.89 2.0 5.2145 506.57018 0.0 0.0 41.0 38.0 8.0 5.0 23.0 6.0 148.7064 12.0 1 0 
0 0.0 0.0 1.6866 78.11184 0.0 0.0 6.0 6.0 0.0 0.0 0.0 0.0 26.442 6.0 0 0 
0 4.44 1.0 2.3325 240.36328 0.0 0.0 20.0 19.0 1.0 0.0 8.0 0.0 79.2767 12.0 1 0 
0 31.49 1.0 1.998 310.41336 0.0 0.0 26.0 24.0 3.0 3.0 10.0 0.0 95.3557 16.0 1 0 
0 16.91 1.0 4.9823 367.5475 0.0 0.0 30.0 28.0 3.0 2.0 18.0 0.0 119.9507 12.0 1 0 
0 94.83 3.0 1.8957 392.4610632 0.0 1.0 31.0 28.0 5.0 5.0 27.0 4.0 101.9564 0.0 0 0 
0 55.3 2.0 1.3672 308.4357 0.0 0.0 25.0 24.0 5.0 3.0 19.0 0.0 90.1622 6.0 1 0 
0 40.13 0.0 4.769 347.46998 0.0 0.0 28.0 26.0 1.0 2.0 14.0 2.0 107.429 12.0 0 1 
0 78.46 1.0 2.6107 360.81146 0.0 0.0 26.0 25.0 4.0 5.0 12.0 2.0 94.5227 12.0 0 1 
0 40.46 2.0 4.6733 292.3204264 0.0 2.0 22.0 21.0 2.0 2.0 10.0 0.0 79.085 12.0 0 0 
0 17.82 0.0 5.1878 310.39172 0.0 0.0 27.0 24.0 1.0 2.0 4.0 0.0 97.899 23.0 0 0 
0 24.67 2.0 4.1145 312.469 0.0 0.0 27.0 24.0 2.0 1.0 20.0 1.0 100.7085 6.0 1 0 
0 64.53 2.0 1.3397 326.45098 0.0 0.0 25.0 25.0 6.0 4.0 19.0 0.0 93.3612 6.0 1 0 
0 53.27 0.0 5.895 423.07544 0.0 0.0 24.0 22.0 1.0 3.0 7.0 1.0 91.394 16.0 0 1 
0 37.3 1.0 3.6552 286.40854 0.0 0.0 24.0 21.0 2.0 2.0 21.0 3.0 84.8848 0.0 0 0 
1 124.44 4.0 1.5623 384.2372 0.0 0.0 29.0 28.0 9.0 8.0 15.0 2.0 105.3005 12.0 0 0 
1 154.03 2.0 5.3577 551.61406 0.0 0.0 42.0 39.0 11.0 11.0 16.0 2.0 144.9105 24.0 0 0 
0 168.38 2.0 1.8605 384.51518 0.0 0.0 26.0 25.0 9.0 8.0 17.0 4.0 92.0568 5.0 1 0 
0 38.98 1.0 4.2139 311.19428 0.0 0.0 22.0 20.0 3.0 2.0 12.0 0.0 80.1654 10.0 1 0 
0 54.35 1.0 2.2072 316.1527 0.0 0.0 21.0 19.0 4.0 4.0 7.0 2.0 83.5347 12.0 0 0 
0 119.41 4.0 3.6116 655.60244 0.0 0.0 51.0 45.0 10.0 8.0 37.0 4.0 178.5529 10.0 1 0 
0 41.74 2.0 4.6868 421.3231632 0.0 1.0 29.0 27.0 3.0 2.0 16.0 1.0 109.135 12.0 1 0 
0 71.77 2.0 2.3628 266.09402 0.0 0.0 17.0 16.0 4.0 3.0 4.0 1.0 62.3981 12.0 0 0 
0 71.31 0.0 3.8397 393.6887 0.0 0.0 25.0 22.0 3.0 5.0 8.0 1.0 96.228 16.0 0 0 
0 93.06 2.0 2.7168 430.53386 0.0 0.0 35.0 31.0 6.0 6.0 31.0 4.0 115.1826 0.0 0 0 
0 4.44 1.0 5.0191 294.45372 0.0 0.0 25.0 23.0 1.0 0.0 13.0 0.0 99.9317 12.0 1 0 
0 49.2 1.0 2.9232 308.39264 0.0 0.0 24.0 23.0 5.0 4.0 17.0 1.0 90.6142 6.0 1 0 
1 49.98 2.0 2.3905 262.36726 0.0 0.0 22.0 21.0 3.0 2.0 12.0 0.0 80.2472 10.0 1 0 
0 69.86 2.0 0.65988 249.32874 1.0 0.0 20.0 20.0 5.0 3.0 13.0 0.0 71.7502 6.0 1 0 
0 33.54 2.0 4.1216 289.43566 0.0 0.0 23.0 22.0 3.0 2.0 16.0 1.0 94.8024 6.0 1 0 
0 46.07 2.0 1.75 272.79092 0.0 0.0 20.0 20.0 4.0 2.0 14.0 0.0 77.0112 6.0 1 0 
0 63.36 3.0 4.5659 468.64808 0.0 0.0 41.0 35.0 5.0 4.0 35.0 0.0 137.8045 6.0 1 0 
0 33.68 1.0 2.2731 240.74906 0.0 0.0 18.0 18.0 3.0 1.0 11.0 1.0 69.7789 6.0 1 0 
0 70.84 1.0 2.2432 386.51108 0.0 0.0 32.0 29.0 7.0 6.0 24.0 2.0 119.6617 6.0 1 0 
0 103.5 0.0 1.8806 246.30176 0.0 0.0 13.0 14.0 6.0 6.0 9.0 4.0 51.054 0.0 0 0 
1 61.82 0.0 -1.0293 194.1906 0.0 0.0 15.0 14.0 3.0 6.0 3.0 2.0 52.039 10.0 0 0 
1 118.74 0.0 2.323 438.43812 0.0 0.0 37.0 33.0 6.0 8.0 9.0 1.0 119.375 27.0 0 2 
0 108.33 1.0 6.2034 451.3694 0.0 0.0 31.0 29.0 6.0 7.0 13.0 1.0 115.0904 17.0 0 0 
0 99.24 1.0 -0.7689 216.27736 0.0 0.0 14.0 14.0 4.0 5.0 12.0 2.0 58.0325 0.0 0 1 
1 46.33 1.0 4.1525 236.26858 0.0 0.0 20.0 18.0 3.0 2.0 6.0 2.0 76.0464 12.0 0 0 
1 38.33 1.0 2.9489 201.22124 0.0 0.0 16.0 15.0 3.0 3.0 4.0 1.0 58.6377 11.0 0 0 
0 68.25 0.0 1.5607 186.2315 0.0 0.0 12.0 12.0 3.0 5.0 5.0 2.0 47.068 5.0 0 0 
0 90.65 2.0 3.1139 260.32996 0.0 0.0 17.0 18.0 6.0 6.0 15.0 2.0 68.3951 0.0 0 0 
0 75.17 3.0 0.8109 293.3813 0.0 0.0 24.0 23.0 6.0 4.0 17.0 1.0 87.1349 6.0 1 0 
1 80.32 3.0 2.7118 407.48218 0.0 0.0 36.0 33.0 7.0 4.0 15.0 0.0 119.2509 21.0 1 0 
0 44.71 1.0 0.4997 150.19768 0.0 0.0 14.0 14.0 4.0 1.0 7.0 1.0 45.4086 6.0 1 0 
1 86.36 1.0 5.295 381.3721696 0.0 3.0 28.0 26.0 4.0 5.0 9.0 2.0 89.9624 17.0 0 0 
0 102.71 2.0 3.546 458.5423232 0.0 1.0 34.0 33.0 5.0 6.0 20.0 2.0 125.9281 12.0 0 1 
0 57.04 1.0 1.9035 388.8878 0.0 0.0 30.0 28.0 4.0 4.0 17.0 1.0 112.7462 12.0 1 1 
0 38.97 1.0 1.7123 200.32102 0.0 0.0 16.0 14.0 3.0 2.0 16.0 0.0 60.3297 0.0 1 0 
0 80.59 2.0 3.1432 391.56406 0.0 0.0 31.0 28.0 3.0 4.0 30.0 1.0 110.6591 0.0 0 1 
1 92.01 5.0 -0.5755 255.74712 0.0 0.0 19.0 19.0 5.0 3.0 11.0 2.0 74.1079 6.0 2 0 
1 0.0 0.0 1.9864 119.37764 0.0 0.0 3.0 4.0 0.0 0.0 3.0 0.0 21.309 0.0 0 0 
0 30.61 3.0 2.8856 321.88802 0.0 0.0 25.0 24.0 3.0 1.0 14.0 0.0 99.5631 11.0 2 0 
0 46.26 1.0 2.1868 169.56516 0.0 0.0 12.0 11.0 2.0 3.0 2.0 0.0 41.042 10.0 0 0 
0 17.33 1.0 2.4015 275.7964 0.0 0.0 21.0 20.0 2.0 1.0 9.0 0.0 82.0817 12.0 1 0 
1 82.48 0.0 5.3687 350.586301 0.0 0.0 18.0 18.0 5.0 5.0 11.0 1.0 77.918 6.0 0 0 
0 40.46 2.0 0.6673 165.40302 0.0 0.0 6.0 7.0 2.0 2.0 6.0 0.0 28.4776 0.0 0 0 
0 115.38 3.0 1.8231 323.12938 0.0 0.0 20.0 20.0 6.0 4.0 11.0 3.0 74.3753 6.0 0 0 
0 20.23 1.0 7.619 384.63766 0.0 0.0 30.0 28.0 1.0 1.0 27.0 3.0 125.0408 0.0 0 0 
0 26.0 2.0 2.9729 263.35686 0.0 0.0 24.0 21.0 2.0 1.0 11.0 1.0 90.2754 12.0 1 0 
0 119.68 1.0 5.1278 492.52042 0.0 0.0 38.0 36.0 8.0 6.0 19.0 7.0 139.6427 12.0 0 0 
0 81.93 1.0 3.6027 369.46068 0.0 0.0 30.0 27.0 6.0 7.0 18.0 1.0 106.4997 11.0 0 0 
0 114.19 3.0 1.37918 252.33924 1.0 0.0 18.0 18.0 7.0 6.0 11.0 1.0 69.1831 5.0 0 0 
1 7.68 1.0 5.197 369.52186 0.0 0.0 32.0 29.0 2.0 1.0 13.0 1.0 126.8197 18.0 1 0 
0 81.98 1.0 0.8566 331.3415232 0.0 1.0 29.0 26.0 5.0 5.0 16.0 2.0 94.2664 11.0 1 1 
0 49.36 0.0 2.2551 288.14652 0.0 0.0 19.0 18.0 2.0 3.0 12.0 1.0 69.3185 6.0 0 1 
1 87.25 3.0 4.4823 466.9534032 0.0 1.0 35.0 33.0 7.0 6.0 22.0 1.0 126.5163 12.0 1 0 
0 37.46 1.0 2.39588 325.3998832 1.0 1.0 27.0 25.0 3.0 2.0 14.0 0.0 92.5767 12.0 1 0 
0 184.11 5.0 1.0226 748.9613 0.0 0.0 55.0 53.0 14.0 13.0 53.0 2.0 195.3479 0.0 1 0 
0 54.75 2.0 2.9502 300.7628 0.0 0.0 24.0 22.0 3.0 2.0 9.0 3.0 95.0824 12.0 1 0 
0 13.67 1.0 5.2565 344.89818 0.0 0.0 27.0 25.0 2.0 1.0 15.0 0.0 105.9887 12.0 1 0 
0 128.76 5.0 0.9325 425.99096 0.0 0.0 29.0 28.0 8.0 7.0 28.0 1.0 112.1448 0.0 1 0 
0 42.21 1.0 7.6112 473.39638 0.0 0.0 37.0 33.0 3.0 3.0 8.0 1.0 139.1807 28.0 0 0 
0 49.36 0.0 1.2473 213.6376 0.0 0.0 14.0 14.0 2.0 3.0 7.0 1.0 52.2325 6.0 0 1 
0 35.53 0.0 3.0605 242.6987 0.0 0.0 16.0 16.0 3.0 3.0 9.0 1.0 63.302 6.0 0 0 
0 41.13 0.0 2.2328 161.65242 0.0 0.0 9.0 9.0 1.0 2.0 4.0 0.0 41.649 5.0 0 0 
1 7.68 1.0 3.1763 315.86026 0.0 0.0 25.0 23.0 2.0 0.0 13.0 0.0 100.0317 12.0 1 0 
0 87.28 1.0 3.1345 315.7112 0.0 0.0 24.0 22.0 5.0 3.0 8.0 4.0 91.8717 12.0 0 0 
0 53.21 2.0 4.3263 401.97264 0.0 0.0 31.0 28.0 4.0 3.0 18.0 1.0 122.2415 12.0 1 0 
0 58.98 1.0 3.826 322.82968 0.0 0.0 24.0 22.0 3.0 3.0 12.0 1.0 89.9207 11.0 1 0 
0 17.82 0.0 5.3767 344.83678 0.0 0.0 28.0 25.0 1.0 2.0 5.0 0.0 101.843 23.0 0 0 
1 33.68 3.0 3.6005 328.83914 0.0 0.0 28.0 25.0 4.0 1.0 15.0 1.0 111.9791 12.0 2 0 
0 32.98 1.0 3.5423 319.8721 0.0 0.0 24.0 22.0 3.0 1.0 12.0 0.0 96.3367 12.0 1 0 
0 57.04 1.0 2.0198 304.36088 0.0 0.0 25.0 23.0 5.0 4.0 17.0 2.0 85.8152 6.0 1 0 
0 43.13 2.0 1.6532 300.37218 0.0 0.0 27.0 23.0 4.0 3.0 20.0 1.0 87.7025 6.0 1 0 
0 83.09 1.0 3.2625 399.437 0.0 0.0 31.0 29.0 7.0 7.0 16.0 2.0 109.3567 13.0 0 0 
0 74.6 2.0 2.6667 346.4605 0.0 0.0 28.0 25.0 4.0 4.0 25.0 3.0 96.3346 0.0 0 0 
0 91.67 2.0 1.9898 360.44402 0.0 0.0 29.0 26.0 5.0 5.0 25.0 4.0 96.5726 0.0 0 0 
0 33.2 0.0 1.3128 176.21508 0.0 0.0 14.0 13.0 3.0 3.0 7.0 1.0 53.328 6.0 0 0 
0 30.21 0.0 1.793 146.14274 0.0 0.0 12.0 11.0 1.0 2.0 0.0 1.0 42.484 11.0 0 0 
0 4.44 1.0 3.1367 276.39538 0.0 0.0 24.0 22.0 1.0 0.0 10.0 2.0 93.3297 12.0 1 0 
1 51.38 1.0 2.2128 261.085961 0.0 0.0 14.0 14.0 4.0 4.0 13.0 1.0 62.6022 0.0 0 0 
0 54.37 1.0 4.0368 374.90098 0.0 0.0 30.0 26.0 3.0 3.0 26.0 4.0 102.2258 0.0 0 0 
0 99.73 2.0 0.7692 182.1832 0.0 0.0 14.0 14.0 7.0 6.0 7.0 2.0 44.7656 5.0 0 0 
0 184.8 2.0 3.6168 690.8472 0.0 0.0 50.0 48.0 12.0 13.0 36.0 9.0 188.844 5.0 0 0 
0 46.26 1.0 4.221 337.45528 1.0 0.0 29.0 25.0 2.0 3.0 22.0 1.0 98.8578 5.0 0 0 
0 120.73 1.0 2.5304 314.253 0.0 0.0 25.0 23.0 7.0 6.0 9.0 5.0 88.2407 11.0 0 0 
1 94.56 2.0 3.927 248.30088 0.0 0.0 18.0 17.0 4.0 4.0 4.0 2.0 67.1888 12.0 0 0 
0 193.12 3.0 1.1885 526.51192 0.0 0.0 45.0 41.0 11.0 10.0 30.0 3.0 128.9767 12.0 1 2 
0 67.18 0.0 0.3256 231.22734 0.0 0.0 18.0 17.0 3.0 5.0 6.0 1.0 59.326 11.0 0 1 
0 54.85 2.0 -0.2433 176.23826 0.0 0.0 16.0 15.0 4.0 2.0 9.0 1.0 57.6518 6.0 1 0 
0 103.35 1.0 0.2487 452.54268 0.0 0.0 37.0 35.0 7.0 6.0 22.0 3.0 124.7009 12.0 1 1 
1 118.81 3.0 3.9468 456.56112 0.0 0.0 36.0 33.0 9.0 8.0 17.0 3.0 134.4516 16.0 0 0 
0 19.85 1.0 2.5716 267.38862 0.0 0.0 24.0 22.0 3.0 0.0 12.0 0.0 90.1204 12.0 1 0 
0 29.5 1.0 4.5619 311.8285 0.0 0.0 27.0 24.0 3.0 1.0 14.0 1.0 96.4364 12.0 1 0 
1 20.23 1.0 4.8697 310.473 1.0 0.0 26.0 23.0 1.0 1.0 23.0 2.0 97.5658 0.0 0 0 
0 94.83 3.0 1.8957 392.4610632 0.0 1.0 31.0 28.0 5.0 5.0 27.0 4.0 101.9564 0.0 0 0 
0 98.77 1.0 3.0681 460.37136 0.0 0.0 30.0 30.0 6.0 7.0 21.0 3.0 115.9597 6.0 0 1 
0 28.68 1.0 3.1783 200.27954 0.0 0.0 17.0 16.0 2.0 1.0 6.0 0.0 62.7797 11.0 0 0 
1 13.67 1.0 3.5355 272.40514 0.0 0.0 24.0 21.0 2.0 1.0 18.0 0.0 87.4437 6.0 1 0 
1 32.67 0.0 2.6544 284.74022 0.0 0.0 22.0 20.0 3.0 3.0 8.0 2.0 87.951 12.0 0 0 
1 52.16 1.0 3.1024 295.1407 0.0 0.0 20.0 19.0 2.0 2.0 7.0 1.0 75.6082 12.0 0 1 
1 106.54 0.0 3.7778 334.2791 0.0 0.0 28.0 25.0 2.0 6.0 4.0 2.0 88.244 22.0 0 2 
0 12.53 0.0 4.4814 380.90932 0.0 0.0 23.0 19.0 1.0 1.0 22.0 1.0 78.729 0.0 0 0 
0 27.99 1.0 0.7856 200.30118 0.0 0.0 15.0 15.0 4.0 3.0 14.0 1.0 66.1397 0.0 1 0 
0 40.46 2.0 4.8286 268.3502 0.0 0.0 21.0 20.0 2.0 2.0 8.0 1.0 85.086 12.0 0 0 
0 69.81 1.0 1.6013 399.3906664 0.0 2.0 33.0 30.0 4.0 5.0 14.0 2.0 111.7007 17.0 1 1 
0 182.83 5.0 3.2473 764.93906 0.0 0.0 61.0 54.0 13.0 13.0 59.0 2.0 194.937 0.0 0 0 
0 203.06 6.0 2.2181 780.93846 0.0 0.0 62.0 55.0 14.0 14.0 60.0 2.0 196.0988 0.0 0 0 
0 43.13 2.0 1.8772 302.38806 0.0 0.0 27.0 23.0 4.0 3.0 21.0 0.0 88.1765 6.0 1 0 
0 101.88 4.0 1.7476 190.2052 0.0 0.0 15.0 14.0 6.0 6.0 4.0 0.0 53.9502 11.0 0 0 
0 119.41 4.0 2.4999 584.68532 0.0 0.0 52.0 45.0 10.0 8.0 33.0 3.0 170.9869 16.0 1 0 
1 85.58 1.0 2.0164 415.52578 0.0 0.0 32.0 30.0 7.0 6.0 18.0 2.0 118.6507 12.0 1 0 
0 241.03 7.0 -0.6515 607.53674 0.0 0.0 47.0 43.0 13.0 15.0 29.0 1.0 141.9343 17.0 0 1 
0 13.67 1.0 1.9371 256.36268 0.0 0.0 21.0 20.0 2.0 1.0 9.0 0.0 80.3617 12.0 1 0 
0 63.14 2.0 2.9938 370.50508 0.0 0.0 30.0 29.0 5.0 3.0 17.0 1.0 111.3307 12.0 1 0 
0 202.11 6.0 1.3276 837.0896 0.0 0.0 64.0 61.0 17.0 14.0 63.0 1.0 222.1113 0.0 2 0 
1 60.42 2.0 2.6451 340.4824 0.0 0.0 27.0 26.0 4.0 3.0 14.0 1.0 103.8971 12.0 1 0 
0 137.08 2.0 3.5054 284.74036 0.0 0.0 16.0 16.0 6.0 6.0 6.0 4.0 58.4068 6.0 0 0 
0 121.26 0.0 3.6212 296.5392 0.0 0.0 15.0 16.0 6.0 6.0 13.0 2.0 86.74 0.0 0 0 
0 36.28 0.0 0.8604 78.13344 0.0 0.0 3.0 4.0 1.0 1.0 2.0 1.0 20.0055 0.0 0 0 
0 122.77 3.0 2.8734 442.57272 0.0 0.0 31.0 30.0 8.0 7.0 15.0 4.0 117.3421 12.0 1 0 
1 63.6 2.0 2.6711 325.38164 0.0 0.0 30.0 26.0 5.0 3.0 18.0 2.0 94.4729 10.0 1 0 
0 80.02 3.0 3.5053 426.9192 0.0 0.0 37.0 33.0 5.0 4.0 15.0 2.0 125.0391 20.0 1 0 
0 39.97 1.0 4.5132 380.4999 0.0 0.0 32.0 29.0 4.0 3.0 19.0 1.0 116.2682 12.0 1 0 
1 155.91 2.0 2.4477 325.44798 0.0 0.0 22.0 21.0 7.0 6.0 13.0 4.0 74.5468 5.0 1 0 
1 13.67 1.0 2.5453 280.38408 0.0 0.0 24.0 22.0 2.0 1.0 11.0 1.0 88.9387 12.0 1 0 
0 213.35 4.0 0.1609 542.51132 0.0 0.0 46.0 42.0 12.0 11.0 31.0 3.0 130.1385 12.0 1 2 
0 191.31 4.0 -0.8812 442.41868 0.0 0.0 36.0 33.0 7.0 9.0 25.0 5.0 105.8177 6.0 1 3 
0 43.37 0.0 4.3059 366.4932 0.0 0.0 33.0 27.0 3.0 3.0 30.0 3.0 103.213 0.0 0 0 
0 58.2 2.0 6.9779 528.5297192 0.0 6.0 41.0 37.0 4.0 4.0 32.0 3.0 129.9444 6.0 0 0 
0 30.74 1.0 7.3697 470.6655 0.0 0.0 39.0 36.0 3.0 2.0 20.0 1.0 150.0812 18.0 1 0 
0 199.35 4.0 3.0034 478.43072 0.0 0.0 28.0 27.0 9.0 9.0 13.0 4.0 111.1862 11.0 1 0 
0 88.69 3.0 2.689 371.4302 0.0 0.0 28.0 27.0 7.0 7.0 14.0 2.0 103.6376 12.0 0 0 
0 27.05 0.0 5.8014 381.6835 0.0 0.0 26.0 24.0 2.0 3.0 9.0 0.0 98.192 17.0 0 0 
0 38.33 1.0 4.2111 315.6749696 1.0 3.0 23.0 21.0 3.0 3.0 15.0 1.0 73.1827 6.0 0 0 
0 132.73 1.0 8.1552 631.655181 0.0 0.0 49.0 45.0 9.0 7.0 25.0 6.0 179.1422 18.0 0 0 
1 62.75 2.0 5.0539 383.52698 0.0 0.0 32.0 29.0 4.0 2.0 14.0 2.0 115.3474 16.0 1 0 
0 34.73 1.0 2.4318 303.42248 0.0 0.0 25.0 23.0 4.0 4.0 15.0 0.0 98.5307 10.0 1 0 
0 64.09 1.0 2.2448 302.36818 0.0 0.0 24.0 23.0 4.0 4.0 10.0 2.0 87.3167 12.0 0 0 
0 103.35 1.0 -0.8184 376.44672 0.0 0.0 30.0 29.0 7.0 6.0 21.0 3.0 103.9699 6.0 1 1 
0 42.77 2.0 4.5895 353.47786 0.0 0.0 29.0 27.0 4.0 3.0 16.0 1.0 111.4229 12.0 1 0 
0 9.23 0.0 2.3528 184.492396 0.0 5.0 9.0 10.0 1.0 1.0 9.0 0.0 22.709 0.0 0 0 
0 94.87 1.0 -0.0634 320.3188832 0.0 1.0 27.0 25.0 6.0 6.0 14.0 2.0 89.3684 11.0 1 1 
0 133.21 1.0 2.74278 304.27806 1.0 0.0 22.0 22.0 6.0 5.0 11.0 4.0 79.1975 6.0 0 1 
0 43.23 2.0 2.8819 250.31834 0.0 0.0 23.0 20.0 3.0 2.0 10.0 1.0 84.4561 12.0 1 0 
0 77.3 4.0 -0.6756 184.21236 0.0 0.0 15.0 15.0 5.0 3.0 9.0 0.0 50.2892 6.0 1 0 
0 82.2 0.0 3.1245 414.4914 0.0 0.0 35.0 30.0 6.0 6.0 31.0 4.0 107.735 0.0 0 0 
0 127.57 1.0 1.4941 423.50472 0.0 0.0 33.0 31.0 3.0 6.0 14.0 3.0 115.1732 16.0 1 2 
0 69.56 4.0 2.0776 326.41276 0.0 0.0 29.0 26.0 5.0 3.0 17.0 2.0 99.5209 10.0 1 0 
0 119.41 4.0 2.4096 582.66944 0.0 0.0 52.0 45.0 10.0 8.0 32.0 4.0 171.3049 16.0 1 0 
0 195.11 6.0 0.3685 734.93472 0.0 0.0 54.0 52.0 14.0 13.0 52.0 2.0 190.6177 0.0 1 0 
1 40.46 2.0 3.6092 272.38196 0.0 0.0 23.0 20.0 2.0 2.0 17.0 0.0 81.0268 6.0 0 0 
1 37.3 1.0 3.8174 270.36608 0.0 0.0 23.0 20.0 2.0 2.0 16.0 1.0 80.065 6.0 0 0 
0 0.0 0.0 2.249 106.165 0.0 0.0 8.0 8.0 0.0 0.0 2.0 0.0 36.215 6.0 0 0 
0 40.46 2.0 3.6126 296.40336 1.0 0.0 25.0 22.0 2.0 2.0 18.0 0.0 88.8408 6.0 0 0 
0 46.17 1.0 0.778 141.16774 0.0 0.0 10.0 10.0 3.0 3.0 8.0 2.0 40.5057 0.0 0 0 
0 49.41 1.0 1.5661 204.22518 0.0 0.0 16.0 15.0 4.0 4.0 8.0 2.0 62.8387 6.0 0 0 
0 43.13 2.0 2.0433 314.39876 0.0 0.0 28.0 24.0 4.0 3.0 21.0 1.0 92.5095 6.0 1 0 
0 20.23 1.0 -0.0014 46.06844 0.0 0.0 2.0 3.0 1.0 1.0 2.0 0.0 12.8898 0.0 0 0 
0 44.12 0.0 2.6691 244.28904 0.0 0.0 19.0 18.0 3.0 4.0 7.0 1.0 68.8695 11.0 0 0 
0 37.3 1.0 4.0487 324.45652 1.0 0.0 27.0 24.0 2.0 2.0 23.0 3.0 97.7658 0.0 0 0 
1 47.5 1.0 2.7099 378.91946 0.0 0.0 29.0 27.0 4.0 5.0 17.0 1.0 114.9587 11.0 1 0 
0 160.83 3.0 1.3386 588.55658 0.0 0.0 48.0 42.0 13.0 13.0 35.0 1.0 139.1076 12.0 0 0 
1 68.3 0.0 5.2567 358.8419 0.0 0.0 26.0 24.0 4.0 4.0 6.0 2.0 95.974 18.0 0 0 
0 204.66 3.0 6.1351 958.22442 0.0 0.0 71.0 68.0 15.0 15.0 62.0 9.0 264.3774 0.0 0 0 
0 34.14 0.0 4.0295 296.40336 0.0 0.0 25.0 22.0 2.0 2.0 20.0 5.0 88.256 0.0 0 0 
0 29.08 1.0 5.1148 455.65416 0.0 0.0 40.0 36.0 4.0 2.0 22.0 0.0 146.5524 18.0 1 0 
0 41.61 0.0 2.68048 223.27312 1.0 0.0 19.0 17.0 2.0 3.0 7.0 0.0 65.157 11.0 0 0 
0 239.36 5.0 1.1946 338.45334 0.0 0.0 21.0 21.0 10.0 10.0 12.0 4.0 82.4483 5.0 1 0 
0 104.64 2.0 2.3614 238.23986 0.0 0.0 17.0 17.0 6.0 6.0 9.0 2.0 59.3988 6.0 0 0 
0 64.63 1.0 4.2931 384.25376 0.0 0.0 26.0 25.0 5.0 5.0 16.0 4.0 100.5297 6.0 0 0 
0 16.61 1.0 2.2197 232.2652896 0.0 3.0 18.0 18.0 2.0 0.0 12.0 0.0 59.6974 6.0 1 0 
0 52.6 0.0 4.68 360.83134 0.0 0.0 26.0 25.0 4.0 4.0 12.0 2.0 97.9835 12.0 0 0 
0 24.75 1.0 4.2888 337.47846 0.0 0.0 28.0 26.0 3.0 2.0 15.0 1.0 109.4517 12.0 1 0 
0 85.03 3.0 4.3279 501.65636 0.0 0.0 41.0 38.0 4.0 4.0 22.0 1.0 150.6108 18.0 1 1 
0 58.2 2.0 4.5342 372.54414 0.0 0.0 30.0 27.0 4.0 4.0 27.0 3.0 113.1814 0.0 0 0 
0 64.17 2.0 4.3746 415.3506592 0.0 6.0 31.0 30.0 6.0 4.0 24.0 1.0 92.0186 6.0 1 0 
0 77.87 1.0 2.013 240.2739432 0.0 1.0 18.0 17.0 4.0 3.0 5.0 2.0 63.2305 11.0 0 0 
0 140.87 1.0 1.6819 452.8638432 0.0 1.0 33.0 30.0 7.0 9.0 19.0 3.0 108.7597 11.0 0 1 
0 81.65 1.0 0.7358 306.2707864 0.0 2.0 24.0 22.0 5.0 7.0 8.0 0.0 70.7088 16.0 0 0 
0 52.16 1.0 2.8855 280.2219696 0.0 3.0 21.0 20.0 2.0 2.0 8.0 1.0 66.0047 12.0 0 1 
1 7.68 1.0 5.4752 405.5027864 0.0 2.0 34.0 31.0 2.0 1.0 15.0 1.0 126.7357 18.0 1 0 
1 78.49 0.0 2.5715 313.2831832 0.0 1.0 25.0 23.0 5.0 3.0 9.0 4.0 91.721 12.0 0 0 
1 25.84 1.0 3.4088 310.3340696 0.0 3.0 25.0 24.0 3.0 1.0 13.0 0.0 80.9034 12.0 1 0 
0 35.07 1.0 1.4803 196.1982432 0.0 1.0 18.0 16.0 4.0 2.0 12.0 0.0 52.4494 6.0 1 0 
0 21.65 2.0 2.7954 311.3964832 0.0 1.0 28.0 25.0 3.0 1.0 15.0 1.0 103.9014 12.0 2 0 
0 56.45 2.0 4.4631 438.5294896 0.0 3.0 34.0 31.0 5.0 3.0 22.0 0.0 125.0355 12.0 1 0 
0 65.72 2.0 -0.7977 130.0772232 0.0 1.0 11.0 11.0 4.0 2.0 3.0 2.0 27.6414 6.0 0 0 
0 37.11 1.0 2.0884 388.8861632 0.0 1.0 30.0 28.0 4.0 3.0 16.0 2.0 116.0977 12.0 1 0 
1 40.13 0.0 2.3461 243.2529832 0.0 1.0 19.0 18.0 1.0 2.0 6.0 1.0 66.2455 12.0 0 1 
0 195.11 6.0 0.4606 752.9251832 0.0 1.0 55.0 53.0 14.0 13.0 53.0 2.0 190.7067 0.0 1 0 
0 74.92 1.0 3.8043 276.2118496 0.0 3.0 19.0 19.0 4.0 2.0 10.0 3.0 64.1927 6.0 0 0 
0 105.97 1.0 4.43 500.5708496 0.0 3.0 37.0 34.0 6.0 6.0 32.0 5.0 123.0318 0.0 0 0 
1 85.52 2.0 3.2934 410.4580032 0.0 1.0 32.0 30.0 3.0 5.0 14.0 2.0 114.4871 16.0 0 1 
0 58.46 1.0 2.4847 319.3425896 0.0 3.0 25.0 25.0 6.0 3.0 18.0 1.0 79.8791 6.0 1 0 
0 131.64 1.0 2.6919 360.257981 0.0 0.0 27.0 25.0 6.0 8.0 12.0 3.0 91.4092 12.0 0 2 
0 75.49 3.0 1.0176 244.31222 0.0 0.0 23.0 21.0 5.0 2.0 12.0 1.0 72.692 10.0 1 0 
0 85.82 1.0 0.373 260.24868 0.0 0.0 22.0 20.0 4.0 6.0 5.0 2.0 68.8567 15.0 0 0 
0 43.13 2.0 2.0024 288.36148 0.0 0.0 25.0 22.0 4.0 3.0 18.0 1.0 85.0095 6.0 1 0 
0 74.38 1.0 3.68458 485.63554 1.0 0.0 37.0 36.0 7.0 6.0 24.0 0.0 140.2107 12.0 1 0 
0 37.3 1.0 4.9853 332.52004 0.0 0.0 27.0 24.0 2.0 2.0 26.0 1.0 100.2918 0.0 0 0 
0 91.21 1.0 1.2537 375.3940832 0.0 1.0 32.0 29.0 6.0 6.0 19.0 2.0 105.5654 11.0 1 1 
0 49.36 0.0 2.2385 249.32544 0.0 0.0 18.0 18.0 2.0 3.0 11.0 1.0 71.2775 6.0 0 1 
0 70.84 1.0 1.709 360.4738 0.0 0.0 29.0 27.0 7.0 6.0 21.0 2.0 112.1617 6.0 1 0 
0 37.3 1.0 3.6586 310.42994 1.0 0.0 26.0 23.0 2.0 2.0 22.0 3.0 92.9588 0.0 0 0 
1 88.09 3.0 3.6445 324.41848 0.0 0.0 25.0 23.0 6.0 5.0 16.0 3.0 87.8891 6.0 1 0 
1 133.06 3.0 5.2654 490.61556 0.0 0.0 36.0 34.0 9.0 9.0 24.0 6.0 133.3061 6.0 0 0 
1 138.53 3.0 4.3316 445.53518 0.0 0.0 33.0 31.0 9.0 9.0 17.0 4.0 115.3026 12.0 0 0 
1 121.98 3.0 5.8952 494.00352 0.0 0.0 35.0 33.0 8.0 8.0 19.0 4.0 126.2486 12.0 0 0 
0 51.36 2.0 2.8614 313.4173 0.0 0.0 27.0 24.0 4.0 4.0 16.0 1.0 95.9929 10.0 1 0 
0 81.98 1.0 1.5535 359.3946832 0.0 1.0 31.0 28.0 5.0 5.0 18.0 2.0 104.0394 11.0 1 1 
0 71.06 0.0 2.8103 352.76628 0.0 0.0 26.0 24.0 6.0 6.0 17.0 3.0 86.5855 6.0 0 0 
0 76.0 3.0 1.0819 232.08986 0.0 0.0 16.0 16.0 5.0 3.0 8.0 2.0 59.6885 6.0 1 0 
0 82.1 3.0 -0.419 208.23706 0.0 0.0 18.0 17.0 6.0 4.0 11.0 1.0 56.6945 6.0 1 0 
0 24.67 2.0 7.2272 501.4316496 0.0 3.0 36.0 34.0 2.0 1.0 20.0 0.0 134.8275 16.0 1 0 
0 41.74 2.0 4.5777 376.8721632 0.0 1.0 29.0 27.0 3.0 2.0 16.0 1.0 106.445 12.0 1 0 
1 0.0 0.0 2.5085 197.3815496 0.0 3.0 6.0 7.0 0.0 0.0 6.0 0.0 24.585 0.0 0 0 
0 63.83 2.0 1.6887 160.17592 0.0 0.0 13.0 12.0 4.0 4.0 2.0 0.0 46.7441 11.0 0 0 
1 74.41 1.0 0.8659 236.26704 0.0 0.0 19.0 18.0 4.0 4.0 15.0 4.0 69.6502 0.0 1 1 
0 7.68 1.0 4.1569 315.86026 0.0 0.0 25.0 23.0 2.0 1.0 13.0 0.0 102.2177 12.0 1 0 
0 50.84 4.0 1.858 337.88742 0.0 0.0 26.0 25.0 4.0 2.0 15.0 0.0 100.7249 11.0 2 0 
0 46.79 2.0 3.5493 327.44058 0.0 0.0 28.0 25.0 4.0 3.0 17.0 0.0 101.1715 11.0 1 0 
0 39.97 1.0 2.0854 300.37218 0.0 0.0 27.0 23.0 4.0 3.0 20.0 1.0 87.2147 6.0 1 0 
0 94.83 3.0 1.7816 362.4599 0.0 0.0 29.0 26.0 5.0 5.0 26.0 3.0 97.5344 0.0 0 0 
0 37.14 2.0 3.1459 375.91222 0.0 0.0 29.0 27.0 4.0 3.0 17.0 0.0 114.0785 12.0 1 0 
1 40.13 0.0 1.7385 205.27288 0.0 0.0 15.0 15.0 1.0 2.0 8.0 1.0 60.2385 6.0 0 1 
0 79.22 3.0 3.9007 385.58438 0.0 0.0 27.0 27.0 5.0 4.0 19.0 2.0 112.6772 6.0 1 0 
1 51.38 1.0 2.2128 261.085961 0.0 0.0 14.0 14.0 4.0 4.0 13.0 1.0 62.6022 0.0 0 0 
0 66.0 1.0 4.9787 427.4885232 0.0 1.0 35.0 32.0 5.0 5.0 18.0 1.0 120.9412 16.0 1 0 
0 87.48 3.0 4.8263 494.61068 0.0 0.0 42.0 38.0 8.0 6.0 17.0 1.0 155.4586 24.0 1 0 
1 7.68 1.0 2.5229 281.4152 0.0 0.0 24.0 22.0 2.0 0.0 12.0 0.0 95.0217 12.0 1 0 
0 56.73 1.0 3.4039 240.30364 0.0 0.0 20.0 18.0 3.0 4.0 5.0 0.0 75.1214 15.0 0 0 
1 119.23 5.0 3.7387 614.79742 0.0 0.0 50.0 46.0 9.0 8.0 30.0 2.0 183.5837 18.0 1 0 
1 71.36 0.0 2.5926 356.7797 0.0 0.0 27.0 25.0 3.0 5.0 9.0 2.0 94.179 16.0 0 1 
0 49.33 3.0 4.1478 348.46134 0.0 0.0 31.0 28.0 4.0 2.0 14.0 1.0 110.2836 16.0 1 0 
0 39.44 0.0 4.2472 280.31784 0.0 0.0 23.0 21.0 2.0 3.0 5.0 1.0 84.026 17.0 0 0 
1 85.84 1.0 3.9942 428.52942 0.0 0.0 37.0 33.0 6.0 5.0 18.0 2.0 132.6567 17.0 1 1 
0 115.4 2.0 4.1811 587.68596 0.0 0.0 50.0 44.0 9.0 9.0 30.0 3.0 170.5955 17.0 1 0 
0 53.02 0.0 2.8236 280.34102 0.0 0.0 22.0 21.0 2.0 3.0 8.0 2.0 82.6795 12.0 0 1 
0 27.05 0.0 6.4548 416.12856 0.0 0.0 27.0 25.0 2.0 3.0 10.0 0.0 103.202 17.0 0 0 
0 9.23 0.0 2.3528 184.492396 0.0 5.0 9.0 10.0 1.0 1.0 9.0 0.0 22.709 0.0 0 0 
0 68.01 2.0 0.7763 137.13928 0.0 0.0 10.0 10.0 4.0 4.0 3.0 1.0 35.1336 6.0 0 0 
0 128.56 0.0 -0.0158 236.13632 0.0 0.0 17.0 16.0 8.0 2.0 13.0 4.0 47.278 0.0 0 0 
0 103.55 1.0 2.911 371.38714 0.0 0.0 29.0 27.0 7.0 8.0 15.0 4.0 100.6787 10.0 0 0 
0 104.7 0.0 5.7073 705.63342 0.0 0.0 55.0 49.0 9.0 12.0 26.0 1.0 194.534 28.0 0 0 
0 207.25 4.0 1.5963 829.0029 0.0 0.0 61.0 59.0 16.0 15.0 55.0 6.0 213.8751 0.0 1 0 
1 33.68 1.0 1.8716 238.73318 0.0 0.0 19.0 18.0 3.0 1.0 12.0 1.0 67.2884 6.0 1 0 
0 69.06 0.0 4.2087 531.43092 0.0 0.0 40.0 36.0 7.0 8.0 22.0 1.0 144.443 17.0 0 0 
0 57.2 0.0 1.771 253.27262 0.0 0.0 20.0 19.0 2.0 3.0 6.0 2.0 70.726 12.0 0 1 
0 100.16 4.0 1.8095 329.4134 0.0 0.0 27.0 26.0 6.0 4.0 14.0 1.0 95.2691 12.0 1 0 
0 90.93 1.0 4.7313 455.54332 0.0 0.0 34.0 33.0 7.0 7.0 22.0 6.0 130.7657 6.0 0 0 
1 106.67 2.0 4.1132 370.3694096 0.0 3.0 29.0 27.0 7.0 4.0 12.0 1.0 88.6342 16.0 0 0 
0 55.13 1.0 3.3271 270.2072696 0.0 3.0 20.0 19.0 3.0 4.0 8.0 1.0 60.6852 11.0 0 0 
0 114.89 2.0 5.9133 612.73518 0.0 0.0 49.0 46.0 8.0 5.0 25.0 6.0 181.3394 18.0 1 0 
0 78.29 0.0 2.65916 285.30274 2.0 0.0 24.0 22.0 4.0 5.0 5.0 0.0 79.688 17.0 0 0 
0 33.54 2.0 4.1216 289.43566 0.0 0.0 23.0 22.0 3.0 2.0 16.0 1.0 94.8024 6.0 1 0 
0 79.04 1.0 0.4264 361.3675032 0.0 1.0 30.0 27.0 5.0 6.0 17.0 2.0 100.8527 11.0 1 1 
0 46.5 1.0 4.0505 308.76492 0.0 0.0 26.0 23.0 3.0 3.0 5.0 0.0 87.1247 21.0 0 0 
1 33.54 2.0 1.2396 235.34522 0.0 0.0 18.0 18.0 3.0 2.0 11.0 1.0 74.0684 6.0 1 0 
0 60.77 2.0 4.9317 447.60898 0.0 0.0 37.0 33.0 4.0 4.0 27.0 4.0 134.1786 6.0 0 0 
0 71.11 1.0 1.6445 337.3461032 0.0 1.0 26.0 24.0 7.0 7.0 18.0 2.0 91.0587 6.0 0 0 
0 97.23 2.0 1.9012 650.97349 0.0 0.0 27.0 26.0 6.0 4.0 14.0 1.0 111.5066 12.0 1 1 
0 82.05 1.0 -0.0152 280.3229 0.0 0.0 21.0 20.0 4.0 7.0 9.0 2.0 77.2358 10.0 0 0 
0 52.57 3.0 3.3844 339.45458 0.0 0.0 30.0 27.0 5.0 3.0 18.0 2.0 106.4511 10.0 1 0 
0 25.84 1.0 3.6514 242.3361 0.0 0.0 22.0 20.0 3.0 1.0 11.0 0.0 79.5994 11.0 1 0 
0 41.74 2.0 4.3881 338.46322 0.0 0.0 28.0 26.0 3.0 2.0 15.0 1.0 106.401 12.0 1 0 
0 81.98 1.0 1.0692 351.3478664 0.0 2.0 29.0 27.0 5.0 5.0 16.0 2.0 96.3384 11.0 1 1 
0 61.77 1.0 2.6418 233.69524 0.0 0.0 15.0 15.0 5.0 5.0 13.0 2.0 59.0837 0.0 0 0 
0 120.0 4.0 5.3766 628.80082 0.0 0.0 49.0 46.0 9.0 9.0 28.0 3.0 187.9199 18.0 0 0 
0 42.43 0.0 4.8257 382.88322 0.0 0.0 30.0 27.0 4.0 4.0 16.0 2.0 111.663 12.0 0 0 
1 136.22 2.0 3.3876 371.8192 0.0 0.0 25.0 23.0 7.0 8.0 10.0 4.0 90.4115 11.0 0 0 
1 89.61 1.0 3.8959 421.90268 0.0 0.0 33.0 30.0 5.0 6.0 11.0 0.0 116.0778 22.0 0 1 
0 55.76 1.0 1.8291 254.66634 0.0 0.0 18.0 17.0 4.0 4.0 10.0 2.0 61.3968 6.0 0 0 
0 72.83 1.0 4.1955 404.53964 0.0 0.0 31.0 29.0 5.0 5.0 27.0 4.0 113.9238 0.0 0 0 
0 24.67 2.0 7.7346 529.94812 0.0 0.0 39.0 36.0 2.0 1.0 20.0 1.0 153.8675 18.0 1 0 
0 138.26 0.0 2.7724 330.358021 0.0 0.0 18.0 19.0 8.0 8.0 15.0 3.0 78.083 0.0 0 0 
0 118.13 2.0 5.895 611.70736 0.0 0.0 50.0 46.0 9.0 6.0 26.0 6.0 184.8114 18.0 1 0 
0 16.61 1.0 3.1852 278.41126 0.0 0.0 26.0 23.0 2.0 0.0 14.0 0.0 89.5764 12.0 1 0 
0 84.08 2.0 3.0452 295.29272 0.0 0.0 25.0 23.0 6.0 5.0 7.0 2.0 81.7549 16.0 0 0 
0 15.6 0.0 3.1278 270.7567 0.0 0.0 21.0 19.0 2.0 2.0 8.0 1.0 87.751 12.0 0 0 
0 22.9 1.0 1.615 258.3355 0.0 0.0 21.0 20.0 3.0 2.0 9.0 0.0 77.5217 12.0 1 0 
0 54.37 1.0 4.0844 344.48768 0.0 0.0 28.0 25.0 3.0 3.0 25.0 3.0 100.0178 0.0 0 0 
1 52.16 1.0 2.4835 240.27716 0.0 0.0 19.0 18.0 2.0 2.0 6.0 1.0 70.9347 12.0 0 1 
0 49.73 2.0 4.9909 379.3200992 0.0 6.0 30.0 28.0 4.0 2.0 19.0 0.0 87.4752 11.0 1 0 
1 136.22 2.0 3.0426 351.40072 0.0 0.0 25.0 23.0 7.0 8.0 10.0 4.0 90.3675 11.0 0 0 
0 9.23 0.0 2.0293 164.9660664 0.0 2.0 7.0 8.0 1.0 1.0 7.0 0.0 27.352 0.0 0 0 
0 30.74 1.0 2.3652 248.34068 0.0 0.0 20.0 19.0 3.0 2.0 13.0 1.0 76.6917 6.0 1 0 
1 49.41 1.0 1.7402 218.25176 0.0 0.0 17.0 16.0 4.0 4.0 9.0 2.0 67.5287 6.0 0 0 
0 42.91 1.0 2.6283 234.3141 0.0 0.0 20.0 19.0 4.0 2.0 13.0 1.0 71.9074 6.0 1 0 
0 66.48 1.0 1.3093 246.26186 0.0 0.0 19.0 18.0 5.0 5.0 10.0 3.0 72.5357 6.0 0 0 
0 94.83 3.0 1.8036 374.4706 0.0 0.0 30.0 27.0 5.0 5.0 26.0 4.0 101.8674 0.0 0 0 
0 32.98 1.0 4.8482 323.47502 0.0 0.0 28.0 24.0 3.0 1.0 16.0 0.0 105.1397 12.0 1 0 
1 29.46 1.0 3.9156 310.42994 1.0 0.0 26.0 23.0 2.0 2.0 19.0 0.0 93.3098 6.0 0 0 
0 16.61 1.0 0.8108 150.24074 0.0 0.0 13.0 13.0 2.0 0.0 7.0 0.0 49.8884 6.0 1 0 
0 34.89 0.0 3.0025 250.29516 0.0 0.0 21.0 19.0 2.0 3.0 3.0 1.0 77.272 17.0 0 0 
0 17.82 0.0 0.3259 113.1609 0.0 0.0 7.0 7.0 1.0 3.0 2.0 0.0 29.12 5.0 0 1 
0 63.63 1.0 3.1344 225.3073 0.0 0.0 15.0 15.0 4.0 4.0 8.0 1.0 62.7847 6.0 0 0 
0 75.99 1.0 1.4297 162.2101 0.0 0.0 9.0 10.0 5.0 5.0 7.0 2.0 41.9007 0.0 0 0 
0 52.58 0.0 2.5478 216.18952 0.0 0.0 18.0 16.0 2.0 4.0 2.0 1.0 58.748 15.0 0 0 
0 68.79 3.0 1.5574 300.80432 0.0 0.0 21.0 21.0 5.0 4.0 14.0 1.0 83.5333 6.0 1 0 
0 55.3 2.0 0.587 268.37184 0.0 0.0 21.0 21.0 5.0 3.0 15.0 0.0 77.8552 6.0 1 0 
1 85.12 2.0 0.0343 172.1619 0.0 0.0 13.0 13.0 4.0 2.0 6.0 2.0 44.1405 5.0 1 0 
0 42.85 0.0 2.6371 226.27376 0.0 0.0 18.0 17.0 3.0 3.0 5.0 1.0 66.2105 12.0 0 0 
0 72.83 1.0 3.9495 390.51306 0.0 0.0 30.0 28.0 5.0 5.0 26.0 4.0 109.1168 0.0 0 0 
0 42.77 2.0 4.1574 364.24578 0.0 0.0 28.0 25.0 4.0 3.0 15.0 1.0 102.0974 12.0 1 0 
0 36.87 1.0 1.3126 180.26672 0.0 0.0 16.0 16.0 4.0 1.0 10.0 0.0 56.4451 6.0 1 0 
1 7.68 1.0 3.301 265.37274 0.0 0.0 24.0 21.0 2.0 1.0 12.0 0.0 91.1627 12.0 1 0 
0 68.65 2.0 3.8538 496.6366632 0.0 1.0 41.0 38.0 6.0 4.0 24.0 1.0 142.2164 16.0 1 0 
0 27.05 0.0 6.4548 416.12856 0.0 0.0 27.0 25.0 2.0 3.0 10.0 0.0 103.202 17.0 0 0 
1 31.43 1.0 3.1789 326.7752632 0.0 1.0 27.0 24.0 2.0 2.0 9.0 1.0 93.7087 17.0 1 0 
0 40.54 1.0 5.4065 429.5937 1.0 0.0 36.0 32.0 3.0 3.0 26.0 3.0 131.6528 6.0 0 0 
0 26.03 1.0 1.0326 155.2175 0.0 0.0 12.0 12.0 3.0 2.0 10.0 2.0 50.5257 0.0 1 0 
0 47.95 1.0 1.0546 247.35592 0.0 0.0 22.0 21.0 5.0 2.0 15.0 1.0 74.6941 6.0 1 0 
0 51.48 2.0 2.4212 299.39072 0.0 0.0 25.0 23.0 5.0 4.0 13.0 0.0 92.5194 12.0 1 0 
0 93.63 2.0 1.8922 209.2483 0.0 0.0 16.0 15.0 4.0 5.0 10.0 0.0 63.6568 6.0 1 1 
1 20.57 1.0 2.696 266.3608 0.0 0.0 24.0 21.0 3.0 2.0 12.0 0.0 88.9577 12.0 1 0 
0 178.0 6.0 -1.1692 444.48092 0.0 0.0 38.0 36.0 10.0 8.0 24.0 2.0 117.9098 12.0 2 2 
0 70.05 1.0 3.4772 432.4933032 0.0 1.0 37.0 33.0 6.0 6.0 14.0 1.0 127.0327 22.0 0 0 
0 98.96 2.0 3.3083 274.35804 0.0 0.0 21.0 20.0 5.0 3.0 7.0 2.0 78.0889 12.0 0 0 
0 46.53 2.0 2.1149 277.3819 0.0 0.0 24.0 22.0 4.0 2.0 18.0 1.0 84.1649 5.0 1 0 
1 98.55 1.0 7.6133 585.1753 0.0 0.0 45.0 41.0 4.0 5.0 20.0 2.0 170.7033 23.0 0 1 
0 97.61 2.0 4.3967 428.52454 0.0 0.0 34.0 31.0 8.0 6.0 20.0 2.0 124.3254 12.0 1 0 
1 54.13 3.0 1.3502 286.3456 0.0 0.0 26.0 22.0 4.0 3.0 19.0 1.0 83.2335 6.0 1 0 
0 78.02 3.0 4.215 422.9008432 0.0 1.0 32.0 30.0 6.0 5.0 19.0 1.0 115.3763 12.0 1 0 
0 124.07 1.0 1.4779 413.46684 0.0 0.0 32.0 29.0 7.0 8.0 18.0 3.0 112.1337 11.0 0 1 
0 75.02 0.0 0.0883 231.22734 0.0 0.0 18.0 17.0 3.0 5.0 5.0 2.0 62.055 11.0 0 1 
1 49.36 0.0 1.7018 229.25122 0.0 0.0 18.0 17.0 2.0 3.0 6.0 1.0 64.8495 11.0 0 1 
1 69.23 1.0 2.3171 316.41464 0.0 0.0 24.0 23.0 3.0 4.0 16.0 2.0 89.8092 6.0 0 1 
0 56.73 1.0 3.769 471.01482 0.0 0.0 37.0 34.0 5.0 6.0 19.0 1.0 140.9717 17.0 1 0 
0 49.41 1.0 1.8752 246.30492 0.0 0.0 19.0 18.0 4.0 4.0 11.0 2.0 74.8117 6.0 0 0 
1 128.4 5.0 5.6815 568.79034 0.0 0.0 44.0 41.0 8.0 7.0 30.0 2.0 167.1354 12.0 1 0 
1 63.57 1.0 2.4783 266.29786 0.0 0.0 23.0 20.0 3.0 4.0 5.0 1.0 78.1967 17.0 0 0 
0 114.89 2.0 3.1127 480.5329 0.0 0.0 38.0 36.0 8.0 5.0 20.0 6.0 137.5864 12.0 1 0 
1 17.33 1.0 2.0004 163.2395 0.0 0.0 14.0 13.0 2.0 1.0 8.0 0.0 54.0907 6.0 1 0 
0 110.45 1.0 3.0276 346.33462 0.0 0.0 26.0 25.0 7.0 5.0 14.0 6.0 94.5247 6.0 0 0 
0 128.91 1.0 4.6212 490.54606 0.0 0.0 36.0 35.0 9.0 7.0 24.0 6.0 135.1507 6.0 0 0 
0 95.23 1.0 3.3654 317.2207096 0.0 3.0 23.0 22.0 6.0 4.0 13.0 4.0 77.2587 6.0 0 0 
0 134.24 1.0 3.30988 385.37066 1.0 0.0 29.0 28.0 8.0 6.0 16.0 6.0 103.8877 6.0 0 0 
0 119.68 1.0 3.8228 418.44034 0.0 0.0 31.0 30.0 8.0 6.0 19.0 6.0 114.8377 6.0 0 0 
0 77.31 1.0 0.7988 227.2404 0.0 0.0 18.0 17.0 5.0 3.0 11.0 2.0 63.0907 5.0 1 0 
0 110.45 1.0 4.0538 388.41436 0.0 0.0 29.0 28.0 7.0 5.0 17.0 6.0 108.9457 6.0 0 0 
0 110.45 1.0 3.4177 360.3612 0.0 0.0 27.0 26.0 7.0 5.0 15.0 6.0 99.3317 6.0 0 0 
0 165.15 0.0 0.5495 227.0865 0.0 0.0 14.0 15.0 9.0 0.0 8.0 6.0 44.105 0.0 0 0 
0 55.45 1.0 0.3268 46.02868 0.0 0.0 2.0 3.0 3.0 3.0 1.0 1.0 9.5594 0.0 0 0 
0 46.46 2.0 4.0036 325.4031832 0.0 1.0 29.0 26.0 4.0 3.0 13.0 0.0 99.5391 16.0 1 0 
0 55.3 2.0 1.7019 286.3456 0.0 0.0 27.0 23.0 5.0 3.0 20.0 1.0 82.8012 6.0 1 0 
0 41.46 1.0 2.7031 270.71364 0.0 0.0 21.0 19.0 3.0 3.0 7.0 2.0 83.0497 12.0 0 0 
0 37.3 1.0 3.4925 298.41924 1.0 0.0 25.0 22.0 2.0 2.0 22.0 2.0 88.6258 0.0 0 0 
0 81.98 1.0 0.5416 319.3308232 0.0 1.0 27.0 25.0 5.0 5.0 14.0 2.0 91.5734 11.0 1 1 
0 36.87 1.0 3.4575 296.3074896 0.0 3.0 25.0 24.0 4.0 1.0 13.0 0.0 76.0021 12.0 1 0 
0 37.3 1.0 3.8826 312.44582 1.0 0.0 26.0 23.0 2.0 2.0 23.0 2.0 93.4328 0.0 0 0 
0 16.61 1.0 2.8002 264.38468 0.0 0.0 24.0 22.0 2.0 0.0 11.0 1.0 87.3184 12.0 1 0 
0 79.04 1.0 0.4264 361.3675032 0.0 1.0 30.0 27.0 5.0 6.0 17.0 2.0 100.8527 11.0 1 1 
0 61.92 3.0 3.317 314.44838 0.0 0.0 27.0 24.0 4.0 2.0 15.0 1.0 109.8121 11.0 2 0 
0 53.8 1.0 0.8377 337.41222 0.0 0.0 28.0 26.0 3.0 3.0 14.0 2.0 98.5412 12.0 1 1 
0 114.35 0.0 3.3045 226.34164 0.0 0.0 14.0 13.0 3.0 5.0 2.0 1.0 59.022 11.0 0 0 
0 153.64 2.0 0.9351 407.52692 0.0 0.0 29.0 27.0 7.0 8.0 20.0 3.0 110.2262 6.0 0 1 
1 115.9 2.0 3.4977 346.424 0.0 0.0 28.0 26.0 8.0 5.0 11.0 1.0 95.0942 16.0 0 0 
0 60.77 2.0 5.1557 449.62486 0.0 0.0 37.0 33.0 4.0 4.0 28.0 3.0 134.6526 6.0 0 0 
1 39.82 0.0 3.1285 293.36296 0.0 0.0 25.0 22.0 2.0 4.0 9.0 1.0 87.3945 15.0 0 0 
0 31.15 2.0 3.4635 364.5038 0.0 0.0 31.0 28.0 4.0 2.0 18.0 1.0 124.8385 12.0 1 0 
0 13.67 1.0 2.2455 270.38926 0.0 0.0 22.0 21.0 2.0 1.0 10.0 0.0 85.3277 12.0 1 0 
0 94.69 3.0 1.4468 280.34278 0.0 0.0 23.0 22.0 6.0 2.0 15.0 2.0 84.5789 6.0 1 0 
0 63.4 1.0 3.4075 252.26798 0.0 0.0 21.0 19.0 4.0 3.0 7.0 2.0 75.3579 12.0 0 0 
0 39.41 0.0 6.1178 429.12732 0.0 0.0 28.0 26.0 3.0 4.0 10.0 1.0 106.887 17.0 0 0 
0 83.09 1.0 2.715 359.37314 0.0 0.0 28.0 26.0 7.0 7.0 18.0 4.0 96.5727 6.0 0 0 
0 50.2 1.0 2.8973 331.45242 0.0 0.0 26.0 24.0 4.0 2.0 12.0 2.0 97.5067 12.0 1 0 
0 55.3 2.0 0.9629 266.35596 0.0 0.0 21.0 21.0 5.0 3.0 14.0 1.0 77.8222 6.0 1 0 
0 60.2 2.0 1.2003 316.37158 0.0 0.0 28.0 24.0 5.0 4.0 21.0 1.0 88.4145 6.0 1 0 
0 221.29 4.0 4.1266 853.90614 0.0 0.0 68.0 62.0 15.0 15.0 43.0 7.0 218.9591 18.0 0 0 
0 125.13 2.0 3.4823 384.3777464 0.0 2.0 30.0 28.0 9.0 6.0 13.0 1.0 91.7562 16.0 0 0 
0 49.81 0.0 3.86 339.38504 0.0 0.0 27.0 25.0 5.0 5.0 10.0 0.0 97.164 17.0 0 0 
0 115.41 0.0 4.4449 291.260621 0.0 0.0 18.0 18.0 6.0 4.0 9.0 3.0 73.915 6.0 0 0 
0 72.68 1.0 -1.0397 180.16402 0.0 0.0 15.0 14.0 4.0 5.0 3.0 2.0 47.1377 10.0 0 0 
0 97.65 1.0 5.0036 370.42222 0.0 0.0 28.0 26.0 5.0 6.0 8.0 3.0 98.0507 17.0 0 0 
0 4.44 1.0 0.3345 160.23556 1.0 0.0 13.0 13.0 1.0 0.0 6.0 0.0 52.9517 6.0 1 0 
0 44.3 1.0 3.8695 330.3733432 0.0 1.0 29.0 26.0 5.0 3.0 17.0 0.0 93.0424 12.0 1 0 
0 69.81 1.0 0.4929 333.3574032 0.0 1.0 27.0 25.0 4.0 5.0 14.0 2.0 96.4747 11.0 1 1 
0 46.07 2.0 2.4458 292.4363 0.0 0.0 24.0 23.0 4.0 2.0 18.0 0.0 89.1152 6.0 1 0 
0 121.68 4.0 0.6441 342.43534 0.0 0.0 30.0 29.0 8.0 4.0 16.0 2.0 102.0406 12.0 2 0 
0 24.67 2.0 4.0347 286.43172 0.0 0.0 24.0 22.0 2.0 1.0 17.0 1.0 94.2287 6.0 1 0 
0 75.27 2.0 1.8426 226.27222 0.0 0.0 16.0 16.0 5.0 5.0 13.0 3.0 67.0394 0.0 0 0 
0 78.89 0.0 0.193 278.30702 0.0 0.0 21.0 20.0 4.0 7.0 8.0 3.0 76.274 10.0 0 0 
0 45.53 2.0 4.4232 315.49608 0.0 0.0 27.0 24.0 3.0 1.0 17.0 0.0 102.6304 10.0 1 0 
0 16.61 1.0 5.8384 278.49584 0.0 0.0 24.0 22.0 2.0 0.0 24.0 0.0 94.7844 0.0 1 0 
0 86.19 1.0 3.5287 427.58284 0.0 0.0 35.0 31.0 6.0 6.0 23.0 2.0 132.7027 10.0 1 0 
1 56.45 2.0 4.0977 404.97658 0.0 0.0 31.0 28.0 5.0 3.0 19.0 0.0 125.0435 12.0 1 0 
1 38.33 1.0 2.1167 179.21572 0.0 0.0 13.0 13.0 3.0 3.0 6.0 1.0 52.0537 6.0 0 0 
0 4.44 1.0 4.484 244.39504 0.0 0.0 21.0 19.0 1.0 0.0 15.0 0.0 82.9067 6.0 1 0 
0 106.0 5.0 -1.9207 207.27548 0.0 0.0 17.0 17.0 5.0 3.0 9.0 2.0 62.6586 6.0 2 0 
1 75.27 2.0 1.358 232.23528 0.0 0.0 18.0 17.0 5.0 5.0 9.0 3.0 67.6344 6.0 0 0 
0 20.23 1.0 1.3922 94.11124 0.0 0.0 7.0 7.0 1.0 1.0 1.0 0.0 28.465 6.0 0 0 
1 53.27 0.0 4.4787 279.3099 0.0 0.0 23.0 21.0 1.0 3.0 5.0 1.0 81.6835 17.0 0 1 
0 37.38 0.0 1.0968 189.21054 0.0 0.0 15.0 14.0 3.0 3.0 7.0 2.0 55.733 6.0 0 0 
1 58.2 2.0 2.4272 252.26798 0.0 0.0 21.0 19.0 4.0 4.0 7.0 2.0 77.5004 12.0 0 0 
1 40.62 0.0 3.8761 307.36636 0.0 0.0 25.0 23.0 4.0 4.0 11.0 2.0 97.254 12.0 0 1 
0 44.12 0.0 1.1618 208.25694 0.0 0.0 16.0 15.0 3.0 4.0 10.0 1.0 56.468 5.0 0 0 
0 33.54 2.0 3.4855 273.3932 0.0 0.0 23.0 21.0 3.0 2.0 16.0 1.0 87.9194 6.0 1 0 
0 79.37 2.0 2.863 334.37182 0.0 0.0 29.0 26.0 6.0 5.0 11.0 2.0 104.0294 16.0 0 0 
0 42.23 2.0 6.0091 462.5541064 0.0 2.0 40.0 36.0 3.0 2.0 17.0 1.0 136.8264 22.0 1 0 
0 74.35 3.0 2.23778 246.3314 1.0 0.0 19.0 19.0 5.0 4.0 11.0 1.0 74.0621 6.0 1 0 
0 61.86 3.0 0.8794 249.32874 0.0 0.0 22.0 21.0 5.0 2.0 12.0 0.0 74.0469 10.0 1 0 
0 81.56 0.0 3.2742 355.43076 0.0 0.0 27.0 25.0 5.0 5.0 13.0 2.0 101.203 12.0 0 1 
0 107.76 1.0 -0.8075 303.31648 0.0 0.0 26.0 24.0 7.0 7.0 13.0 2.0 87.2054 11.0 1 1 
1 107.98 2.0 2.6727 331.34642 0.0 0.0 25.0 23.0 7.0 7.0 9.0 4.0 87.5245 12.0 0 0 
0 34.14 0.0 4.0908 310.42994 1.0 0.0 26.0 23.0 2.0 2.0 22.0 3.0 92.173 0.0 0 0 
0 83.76 2.0 1.1372 212.33502 0.0 0.0 17.0 16.0 4.0 3.0 12.0 0.0 62.4308 5.0 1 0 
0 110.45 1.0 5.1112 448.46786 0.0 0.0 35.0 33.0 7.0 5.0 16.0 7.0 128.9437 12.0 0 0 
0 37.3 1.0 3.8792 288.42442 0.0 0.0 24.0 21.0 2.0 2.0 22.0 2.0 85.3588 0.0 0 0 
0 127.12 3.0 1.1057 423.5198 0.0 0.0 31.0 30.0 6.0 7.0 27.0 4.0 112.0989 0.0 0 1 
1 40.62 0.0 2.4107 312.40606 0.0 0.0 26.0 23.0 4.0 4.0 18.0 2.0 96.931 6.0 0 0 
0 94.83 3.0 1.5576 360.44402 0.0 0.0 29.0 26.0 5.0 5.0 25.0 4.0 97.0604 0.0 0 0 
0 91.67 2.0 1.7658 358.42814 0.0 0.0 29.0 26.0 5.0 5.0 24.0 5.0 96.0986 0.0 0 0 
0 37.3 1.0 4.5153 316.47758 0.0 0.0 26.0 23.0 2.0 2.0 24.0 2.0 94.9728 0.0 0 0 
0 61.79 2.0 2.1389 260.35468 0.0 0.0 23.0 22.0 6.0 3.0 12.0 0.0 80.7338 11.0 1 0 
0 58.2 2.0 1.1955 218.25176 0.0 0.0 17.0 16.0 4.0 4.0 9.0 2.0 67.0454 6.0 0 0 
0 30.74 1.0 3.2407 354.50568 0.0 0.0 28.0 27.0 3.0 2.0 15.0 1.0 109.2867 12.0 1 0 
0 85.89 0.0 1.9416 284.35132 0.0 0.0 19.0 19.0 4.0 5.0 10.0 3.0 71.484 6.0 0 1 
0 59.56 3.0 0.8954 236.33328 0.0 0.0 18.0 18.0 4.0 3.0 11.0 1.0 72.0313 6.0 1 0 
1 34.14 0.0 4.7235 314.4617 0.0 0.0 26.0 23.0 2.0 2.0 23.0 3.0 94.011 0.0 0 0 
1 32.98 1.0 2.8889 285.42704 0.0 0.0 23.0 21.0 3.0 1.0 11.0 0.0 91.3267 12.0 1 0 
0 32.98 1.0 2.8873 285.42704 0.0 0.0 23.0 21.0 3.0 1.0 11.0 0.0 91.3267 12.0 1 0 
0 63.14 2.0 2.2152 342.45192 0.0 0.0 28.0 27.0 5.0 3.0 15.0 1.0 101.6787 12.0 1 0 
0 20.23 1.0 0.3887 60.09502 0.0 0.0 3.0 4.0 1.0 1.0 3.0 0.0 17.6968 0.0 0 0 
1 20.23 1.0 3.639 178.27072 0.0 0.0 13.0 13.0 1.0 1.0 7.0 0.0 57.625 6.0 0 0 
0 30.74 1.0 2.8584 340.4791 0.0 0.0 27.0 26.0 3.0 2.0 14.0 1.0 104.4797 12.0 1 0 
0 46.07 2.0 1.5513 260.35138 0.0 0.0 22.0 21.0 4.0 2.0 11.0 0.0 79.6962 11.0 1 0 
1 45.45 1.0 2.083 207.3152 0.0 0.0 16.0 15.0 2.0 2.0 9.0 2.0 71.1157 5.0 1 0 
0 32.78 0.0 1.8111 262.12366 0.0 0.0 14.0 14.0 4.0 3.0 11.0 3.0 62.623 0.0 0 0 
0 29.8 1.0 1.2413 286.39196 0.0 0.0 23.0 22.0 4.0 3.0 11.0 0.0 87.9977 12.0 1 0 
0 77.82 2.0 3.6862 248.71142 0.0 0.0 18.0 17.0 4.0 4.0 6.0 0.0 71.0598 12.0 0 0 
0 137.02 3.0 2.8644 300.21982 0.0 0.0 24.0 22.0 4.0 7.0 6.0 1.0 74.254 17.0 0 2 
1 76.41 3.0 2.5958 385.52298 0.0 0.0 32.0 29.0 6.0 4.0 19.0 1.0 121.7232 12.0 2 0 
0 39.84 3.0 4.0474 401.97268 0.0 0.0 32.0 30.0 4.0 2.0 16.0 0.0 123.5611 16.0 2 0 
0 56.24 2.0 2.3813 247.35922 0.0 0.0 21.0 19.0 4.0 3.0 15.0 0.0 78.3701 6.0 1 0 
0 46.79 2.0 3.3253 325.4247 0.0 0.0 28.0 25.0 4.0 3.0 16.0 1.0 100.6975 11.0 1 0 
0 257.7 5.0 3.3378 1023.22632 0.0 0.0 81.0 74.0 20.0 19.0 55.0 8.0 297.4073 18.0 1 0 
0 115.9 2.0 3.5874 360.45058 0.0 0.0 29.0 27.0 8.0 5.0 12.0 1.0 99.1422 16.0 0 0 
0 99.44 3.0 6.2273 474.59122 0.0 0.0 39.0 35.0 5.0 5.0 16.0 1.0 142.1752 22.0 1 0 
0 117.34 3.0 -0.0702 316.41966 0.0 0.0 24.0 24.0 7.0 3.0 16.0 3.0 88.5258 5.0 2 0 
0 75.47 3.0 2.471 428.54446 0.0 0.0 34.0 32.0 7.0 6.0 21.0 1.0 130.4732 12.0 1 0 
0 102.09 2.0 1.6634 369.77846 0.0 0.0 29.0 27.0 5.0 5.0 9.0 3.0 96.5054 17.0 0 1 
0 44.3 1.0 3.7368 314.39876 0.0 0.0 27.0 25.0 5.0 3.0 15.0 0.0 94.5984 12.0 1 0 
0 56.74 2.0 1.8935 269.36144 0.0 0.0 24.0 23.0 5.0 2.0 11.0 1.0 81.9728 12.0 1 0 
0 52.0 2.0 3.2234 372.27736 0.0 0.0 24.0 23.0 5.0 4.0 17.0 1.0 94.6239 6.0 1 0 
1 81.7 1.0 4.3411 451.5778 0.0 0.0 35.0 33.0 5.0 6.0 21.0 2.0 133.5037 12.0 0 1 
0 118.98 2.0 4.3232 609.68664 0.0 0.0 51.0 46.0 11.0 9.0 33.0 2.0 166.4849 16.0 1 0 
0 86.19 2.0 3.0553 314.38218 0.0 0.0 25.0 23.0 5.0 6.0 10.0 0.0 91.9862 15.0 0 0 
0 40.13 0.0 4.2679 299.42718 0.0 0.0 22.0 22.0 1.0 2.0 16.0 6.0 93.3395 0.0 0 1 
0 214.16 5.0 5.5134 848.01262 0.0 0.0 69.0 64.0 15.0 13.0 54.0 9.0 244.7879 6.0 2 1 
1 221.35 7.0 4.5634 823.94816 0.0 0.0 64.0 60.0 16.0 15.0 46.0 7.0 235.1875 11.0 1 0 
0 201.31 6.0 4.8921 697.76858 0.0 0.0 53.0 50.0 13.0 13.0 36.0 6.0 190.0308 11.0 0 0 
0 221.35 7.0 5.8762 878.0386 0.0 0.0 69.0 64.0 16.0 15.0 51.0 7.0 252.3015 11.0 1 0 
0 76.38 1.0 3.3583 234.1983096 0.0 3.0 16.0 15.0 3.0 4.0 6.0 0.0 50.7074 10.0 0 0 
0 65.36 1.0 3.7425 411.4924232 0.0 1.0 35.0 31.0 4.0 5.0 18.0 1.0 118.6707 16.0 1 0 
1 202.26 4.0 7.0779 720.94422 0.0 0.0 53.0 50.0 11.0 13.0 28.0 3.0 197.8239 22.0 0 0 
0 68.82 0.0 3.6385 314.35566 0.0 0.0 24.0 22.0 4.0 4.0 8.0 4.0 83.691 12.0 0 0 
0 59.06 1.0 1.4948 218.25176 0.0 0.0 17.0 16.0 4.0 4.0 9.0 2.0 62.9307 6.0 0 0 
0 207.25 4.0 1.7404 829.0029 0.0 0.0 61.0 59.0 16.0 15.0 55.0 6.0 213.8751 0.0 1 0 
0 33.54 2.0 1.5666 261.3825 0.0 0.0 21.0 20.0 3.0 2.0 14.0 1.0 84.5034 6.0 1 0 
0 33.54 2.0 3.7315 275.40908 0.0 0.0 22.0 21.0 3.0 2.0 15.0 1.0 89.9954 6.0 1 0 
0 65.37 0.0 2.9589 307.3233 0.0 0.0 25.0 23.0 3.0 5.0 6.0 2.0 88.718 17.0 0 1 
1 84.8 0.0 2.6055 356.41882 0.0 0.0 27.0 25.0 6.0 6.0 13.0 2.0 100.671 12.0 0 1 
1 152.13 2.0 2.0672 482.5455632 0.0 1.0 34.0 33.0 8.0 9.0 19.0 3.0 121.1381 12.0 0 1 
0 63.0 3.0 2.0929 307.40788 0.0 0.0 24.0 23.0 5.0 4.0 17.0 1.0 90.9862 6.0 1 0 
0 218.09 6.0 0.7925 838.05448 0.0 0.0 61.0 59.0 17.0 16.0 59.0 2.0 216.5857 0.0 1 0 
0 30.22 1.0 5.787 416.96568 0.0 0.0 35.0 31.0 3.0 2.0 16.0 1.0 128.5857 18.0 1 0 
0 60.36 1.0 -0.2443 137.1128 0.0 0.0 10.0 10.0 2.0 3.0 3.0 1.0 33.482 6.0 0 1 
0 86.53 4.0 3.0812 416.57352 0.0 0.0 33.0 32.0 6.0 4.0 21.0 0.0 123.229 12.0 1 0 
0 167.95 6.0 5.1175 671.84874 0.0 0.0 54.0 50.0 11.0 10.0 33.0 4.0 193.8295 17.0 1 0 
0 75.27 2.0 2.0087 238.28292 0.0 0.0 17.0 17.0 5.0 5.0 13.0 4.0 71.3724 0.0 0 0 
1 4.44 1.0 0.7655 188.28872 1.0 0.0 15.0 15.0 1.0 0.0 8.0 0.0 62.5657 6.0 1 0 
1 74.27 0.0 3.2753 353.4315 0.0 0.0 27.0 26.0 3.0 4.0 16.0 5.0 100.6805 6.0 0 1 
1 16.61 1.0 4.1534 307.23752 0.0 0.0 24.0 22.0 2.0 0.0 12.0 0.0 87.2474 12.0 1 0 
0 41.71 2.0 5.0464 441.9487832 0.0 1.0 36.0 32.0 4.0 4.0 19.0 1.0 134.1344 16.0 1 0 
0 9.23 0.0 2.4232 200.0548424 0.0 7.0 11.0 12.0 1.0 1.0 11.0 0.0 22.86 0.0 0 0 
0 4.44 1.0 3.3209 280.85598 0.0 0.0 21.0 20.0 1.0 0.0 15.0 0.0 86.4107 6.0 1 0 
1 123.0 2.0 2.7817 475.58434 0.0 0.0 38.0 35.0 9.0 8.0 19.0 3.0 135.5184 16.0 1 0 
0 72.83 1.0 4.5856 418.56622 0.0 0.0 32.0 30.0 5.0 5.0 28.0 4.0 118.4708 0.0 0 0 
0 8.88 2.0 2.6493 236.39622 0.0 0.0 22.0 19.0 2.0 0.0 22.0 0.0 81.3104 0.0 2 0 
0 85.74 0.0 4.8523 416.57348 0.0 0.0 33.0 29.0 5.0 5.0 29.0 4.0 115.232 0.0 0 0 
0 38.69 1.0 2.8355 234.29092 0.0 0.0 18.0 17.0 3.0 3.0 11.0 1.0 67.5328 6.0 0 0 
0 0.0 0.0 2.3296 104.14912 0.0 0.0 8.0 8.0 0.0 0.0 1.0 1.0 36.533 6.0 0 0 
0 62.22 1.0 4.3669 387.55874 0.0 0.0 30.0 28.0 4.0 4.0 18.0 1.0 118.0657 11.0 1 0 
0 43.12 0.0 6.518 397.7491 0.0 0.0 26.0 24.0 2.0 3.0 9.0 0.0 104.698 17.0 0 0 
0 94.57 1.0 3.9297 266.29628 0.0 0.0 19.0 18.0 4.0 5.0 6.0 2.0 67.5304 11.0 0 1 
0 152.52 2.0 3.5207 397.38462 0.0 0.0 30.0 28.0 8.0 9.0 8.0 4.0 99.0087 18.0 0 1 
1 94.32 1.0 3.1149 249.26906 0.0 0.0 18.0 17.0 5.0 5.0 4.0 2.0 63.1274 12.0 0 1 
0 112.78 1.0 3.1321 309.32102 0.0 0.0 22.0 21.0 7.0 7.0 8.0 2.0 76.1114 12.0 0 1 
0 124.81 2.0 2.6118 310.32896 0.0 0.0 22.0 21.0 8.0 8.0 8.0 2.0 76.5341 12.0 0 0 
1 96.49 1.0 4.4818 404.4815 0.0 0.0 33.0 30.0 7.0 5.0 12.0 3.0 120.9635 18.0 0 1 
0 106.6 2.0 3.4094 267.30422 0.0 0.0 19.0 18.0 5.0 6.0 6.0 2.0 67.9531 11.0 0 0 
0 94.32 1.0 3.4233 263.29564 0.0 0.0 19.0 18.0 5.0 5.0 5.0 2.0 68.0934 12.0 0 1 
1 94.57 1.0 3.6213 252.2697 0.0 0.0 18.0 17.0 4.0 5.0 5.0 2.0 62.5644 11.0 0 1 
0 94.56 2.0 2.2785 172.20492 0.0 0.0 11.0 11.0 4.0 4.0 3.0 2.0 41.8408 6.0 0 0 
0 98.39 2.0 3.9903 314.36226 0.0 0.0 24.0 22.0 5.0 6.0 5.0 2.0 85.0821 17.0 0 0 
0 93.46 2.0 3.1996 249.28894 0.0 0.0 18.0 17.0 5.0 5.0 4.0 2.0 65.7551 12.0 0 0 
0 94.57 1.0 3.9297 266.29628 0.0 0.0 19.0 18.0 4.0 5.0 6.0 2.0 67.5304 11.0 0 1 
0 96.0 1.0 3.6288 356.4105832 0.0 1.0 28.0 26.0 4.0 3.0 12.0 4.0 97.8 12.0 0 1 
0 111.31 3.0 2.8808 342.43376 0.0 0.0 25.0 24.0 7.0 6.0 16.0 3.0 91.4263 6.0 1 0 
1 85.44 0.0 1.8325 259.30034 0.0 0.0 19.0 18.0 2.0 4.0 6.0 2.0 68.603 11.0 0 1 
0 40.16 2.0 2.6961 199.2716 0.0 0.0 18.0 16.0 2.0 1.0 7.0 0.0 64.4741 11.0 1 0 
0 178.36 3.0 4.5769 804.01816 0.0 0.0 60.0 57.0 13.0 13.0 53.0 7.0 220.3034 0.0 0 0 
0 74.87 1.0 2.0871 389.40396 0.0 0.0 35.0 30.0 7.0 6.0 17.0 2.0 112.6097 16.0 0 0 
1 13.67 1.0 4.579 372.5225 0.0 0.0 31.0 29.0 2.0 1.0 12.0 1.0 120.9797 18.0 1 0 
0 112.84 2.0 3.0958 409.51966 0.0 0.0 31.0 30.0 8.0 6.0 17.0 2.0 109.4938 12.0 1 0 
0 97.65 0.0 3.114 410.4512 0.0 0.0 35.0 31.0 7.0 7.0 11.0 1.0 119.029 23.0 0 1 
1 107.53 1.0 1.2813 286.7364 0.0 0.0 16.0 17.0 8.0 8.0 12.0 4.0 63.4437 0.0 0 0 
0 106.96 1.0 0.8506 288.28196 0.0 0.0 22.0 21.0 7.0 7.0 9.0 2.0 73.4087 11.0 0 1 
0 74.63 2.0 4.0476 321.47748 0.0 0.0 23.0 22.0 4.0 4.0 16.0 1.0 98.7857 6.0 0 0 
1 64.09 1.0 -0.0153 200.1670632 0.0 1.0 16.0 15.0 4.0 4.0 8.0 2.0 45.9347 6.0 0 0 
0 100.4 5.0 1.2604 302.39466 0.0 0.0 25.0 24.0 6.0 4.0 13.0 2.0 91.7823 10.0 1 0 
0 75.77 0.0 5.9297 513.60896 0.0 0.0 44.0 39.0 3.0 6.0 11.0 1.0 155.47 32.0 0 1 
1 52.9 1.0 1.9728 300.73962 0.0 0.0 23.0 21.0 4.0 4.0 9.0 2.0 89.1128 12.0 0 0 
0 189.07 3.0 2.7529 656.65368 0.0 0.0 53.0 46.0 13.0 14.0 35.0 1.0 156.6646 17.0 0 0 
0 151.85 1.0 1.4064 285.196441 0.0 0.0 20.0 19.0 6.0 9.0 9.0 1.0 64.4179 10.0 0 2 
1 136.22 2.0 2.7342 337.37414 0.0 0.0 24.0 22.0 7.0 8.0 9.0 4.0 85.4015 11.0 0 0 
1 4.44 1.0 3.4602 292.43784 1.0 0.0 24.0 23.0 1.0 0.0 11.0 1.0 98.5657 11.0 1 0 
0 44.9 3.0 6.5979 472.68138 0.0 0.0 39.0 36.0 3.0 2.0 21.0 0.0 150.7813 18.0 1 0 
0 52.57 3.0 3.4747 341.47046 0.0 0.0 30.0 27.0 5.0 3.0 19.0 1.0 106.1331 10.0 1 0 
0 43.37 0.0 3.5899 300.39206 0.0 0.0 25.0 22.0 3.0 3.0 21.0 4.0 85.306 0.0 0 0 
1 37.3 1.0 3.8792 288.42442 0.0 0.0 24.0 21.0 2.0 2.0 22.0 2.0 85.3588 0.0 0 0 
0 191.31 4.0 -0.748 442.41868 0.0 0.0 36.0 33.0 7.0 9.0 25.0 5.0 105.7007 6.0 1 3 
0 205.59 2.0 3.9928 604.61704 0.0 0.0 47.0 43.0 14.0 14.0 16.0 2.0 152.3615 29.0 0 1 
0 36.22 1.0 5.1006 408.5035096 0.0 3.0 32.0 29.0 4.0 2.0 20.0 0.0 119.0667 12.0 1 0 
0 83.55 1.0 0.3545 258.2295 0.0 0.0 21.0 19.0 6.0 6.0 11.0 4.0 70.9517 6.0 0 0 
0 72.68 1.0 -1.0397 180.16402 0.0 0.0 15.0 14.0 4.0 5.0 3.0 2.0 47.1377 10.0 0 0 
1 72.68 1.0 -1.0397 180.16402 0.0 0.0 15.0 14.0 4.0 5.0 3.0 2.0 47.1377 10.0 0 0 
0 69.81 1.0 2.6864 201.24768 0.0 0.0 17.0 15.0 3.0 3.0 2.0 0.0 57.2017 15.0 0 0 
0 58.28 1.0 6.1027 371.58248 0.0 0.0 29.0 26.0 4.0 2.0 17.0 0.0 118.9747 12.0 1 0 
0 50.93 0.0 0.622 189.218341 0.0 0.0 13.0 11.0 4.0 4.0 12.0 1.0 60.615 0.0 0 0 
0 78.74 1.0 4.6415 444.6332 0.0 0.0 34.0 31.0 6.0 5.0 19.0 3.0 132.0597 12.0 1 0 
0 101.05 1.0 3.8622 375.548 0.0 0.0 28.0 26.0 2.0 4.0 16.0 2.0 110.6512 10.0 1 1 
1 95.22 2.0 0.9429 356.84766 0.0 0.0 26.0 24.0 5.0 6.0 14.0 2.0 99.8385 10.0 1 0 
0 32.68 1.0 4.1119 264.7936 0.0 0.0 20.0 18.0 1.0 1.0 9.0 0.0 79.0217 11.0 1 0 
1 94.67 0.0 2.4146 330.16328 0.0 0.0 21.0 20.0 3.0 5.0 8.0 2.0 75.342 11.0 0 1 
0 112.56 2.0 -0.4587 317.4276 0.0 0.0 24.0 23.0 8.0 7.0 19.0 0.0 86.2292 5.0 1 0 
0 97.44 2.0 2.8637 258.31888 0.0 0.0 22.0 20.0 6.0 3.0 5.0 1.0 72.1782 16.0 0 0 
0 107.41 1.0 1.5575 248.27946 0.0 0.0 17.0 17.0 5.0 3.0 8.0 4.0 61.5567 5.0 1 0 
0 55.29 0.0 5.8629 387.71122 0.0 0.0 25.0 23.0 2.0 4.0 9.0 0.0 96.069 16.0 0 0 
0 116.8 1.0 8.3518 601.6563896 0.0 3.0 45.0 42.0 6.0 7.0 23.0 4.0 151.8542 18.0 0 1 
0 74.08 1.0 5.8054 625.86642 0.0 0.0 54.0 47.0 8.0 7.0 43.0 5.0 199.4877 6.0 1 0 
0 56.74 2.0 0.9453 193.26548 0.0 0.0 17.0 17.0 5.0 2.0 10.0 1.0 59.4588 6.0 1 0 
1 83.65 2.0 3.6456 270.34792 0.0 0.0 18.0 18.0 5.0 5.0 9.0 3.0 69.9224 6.0 0 0 
0 106.18 1.0 3.5068 272.2329 0.0 0.0 21.0 20.0 4.0 3.0 6.0 3.0 72.26 12.0 0 1 
0 21.51 1.0 3.4518 246.36786 0.0 0.0 20.0 19.0 2.0 1.0 13.0 1.0 80.9112 6.0 1 0 
1 24.67 2.0 3.9243 326.49558 0.0 0.0 26.0 25.0 2.0 1.0 14.0 0.0 105.4937 12.0 1 0 
0 0.0 0.0 1.995 92.13842 0.0 0.0 7.0 7.0 0.0 0.0 1.0 0.0 31.408 6.0 0 0 
1 25.84 1.0 2.6984 256.36268 0.0 0.0 22.0 21.0 3.0 1.0 10.0 0.0 80.8674 12.0 1 0 
0 123.92 1.0 1.3857 339.36204 0.0 0.0 24.0 22.0 9.0 9.0 22.0 2.0 71.7514 0.0 0 0 
1 13.67 1.0 4.7979 406.96756 0.0 0.0 32.0 30.0 2.0 1.0 13.0 1.0 125.7757 18.0 1 0 
1 108.57 3.0 4.4655 348.42 0.0 0.0 25.0 24.0 7.0 6.0 10.0 3.0 92.4541 12.0 0 0 
0 33.9 2.0 1.2175 264.38314 0.0 0.0 21.0 20.0 3.0 2.0 15.0 0.0 79.4405 6.0 1 0 
0 27.64 1.0 0.7844 134.19828 0.0 0.0 14.0 13.0 3.0 0.0 8.0 0.0 42.8731 6.0 1 0 
0 46.32 0.0 1.2789 205.2596 0.0 0.0 16.0 15.0 4.0 5.0 6.0 0.0 59.569 10.0 0 0 
0 46.98 1.0 2.5788 372.87182 0.0 0.0 30.0 27.0 4.0 5.0 13.0 1.0 112.0817 16.0 1 0 
0 43.07 0.0 3.6691 343.20998 0.0 0.0 26.0 23.0 3.0 4.0 8.0 1.0 95.661 17.0 0 0 
0 0.0 0.0 2.5017 131.38834 0.0 0.0 4.0 5.0 0.0 0.0 3.0 1.0 25.642 0.0 0 0 
0 41.74 2.0 4.9431 410.4250728 0.0 4.0 32.0 30.0 3.0 2.0 19.0 1.0 106.437 12.0 1 0 
1 46.61 0.0 0.3115 143.14056 0.0 0.0 10.0 10.0 4.0 4.0 8.0 2.0 37.565 0.0 0 0 
0 117.54 3.0 3.9759 369.41762 0.0 0.0 29.0 27.0 8.0 8.0 12.0 0.0 106.5815 17.0 0 0 
0 7.68 1.0 2.7689 295.44178 0.0 0.0 25.0 23.0 2.0 0.0 13.0 0.0 99.8287 12.0 1 0 
0 47.54 1.0 1.5985 267.34402 0.0 0.0 22.0 21.0 6.0 4.0 16.0 0.0 82.4884 6.0 1 0 
1 105.51 2.0 2.42 290.31772 0.0 0.0 22.0 21.0 7.0 7.0 10.0 0.0 79.7698 12.0 0 0 
0 20.57 1.0 1.2327 256.36598 0.0 0.0 21.0 20.0 3.0 2.0 9.0 0.0 81.5057 12.0 1 0 
0 17.33 1.0 4.0696 279.39932 0.0 0.0 24.0 22.0 2.0 1.0 11.0 1.0 93.4757 12.0 1 0 
0 42.59 0.0 2.7731 323.584181 0.0 0.0 17.0 17.0 4.0 4.0 16.0 1.0 77.1065 0.0 0 0 
1 98.13 1.0 4.4888 440.53194 0.0 0.0 34.0 31.0 6.0 6.0 20.0 2.0 124.586 12.0 0 1 
0 185.39 1.0 2.2038 814.97632 0.0 0.0 61.0 58.0 16.0 15.0 56.0 5.0 206.7867 0.0 1 0 
1 46.53 2.0 3.102 285.36084 0.0 0.0 26.0 23.0 4.0 2.0 15.0 1.0 86.7729 10.0 1 0 
0 49.77 1.0 4.418 427.9636 0.0 0.0 34.0 30.0 3.0 3.0 21.0 1.0 123.2878 12.0 0 0 
1 94.57 1.0 4.7455 314.35896 0.0 0.0 24.0 22.0 4.0 5.0 5.0 2.0 83.3354 17.0 0 0 
1 40.13 0.0 0.9527 143.2035 0.0 0.0 9.0 10.0 1.0 2.0 8.0 1.0 40.3995 0.0 0 1 
0 112.0 0.0 2.4561 433.50288 0.0 0.0 34.0 32.0 6.0 7.0 15.0 2.0 119.9805 17.0 0 2 
0 275.64 4.0 4.6037 1214.62194 0.0 0.0 86.0 86.0 23.0 23.0 73.0 13.0 379.3108 0.0 0 0 
0 16.91 1.0 5.4112 451.5712264 0.0 2.0 37.0 34.0 3.0 2.0 19.0 0.0 137.1167 18.0 1 0 
1 33.9 2.0 1.6185 278.40972 0.0 0.0 22.0 21.0 3.0 2.0 16.0 0.0 84.4025 6.0 1 0 
1 65.15 1.0 3.67598 455.60956 1.0 0.0 35.0 34.0 6.0 5.0 22.0 0.0 133.7187 12.0 1 0 
0 71.11 1.0 2.6918 395.4516 0.0 0.0 32.0 29.0 7.0 7.0 18.0 2.0 120.6942 12.0 0 0 
0 156.5 5.0 4.3601 812.99 0.0 0.0 70.0 62.0 13.0 10.0 50.0 4.0 234.4497 16.0 2 0 
0 173.57 5.0 4.5226 826.97352 0.0 0.0 71.0 63.0 14.0 11.0 50.0 5.0 235.0387 16.0 2 0 
0 167.22 7.0 3.8019 755.94198 0.0 0.0 66.0 58.0 12.0 9.0 47.0 3.0 221.5279 16.0 2 0 
0 136.27 4.0 5.1228 780.94814 0.0 0.0 68.0 60.0 12.0 9.0 47.0 5.0 227.9689 16.0 2 0 
1 76.72 1.0 2.1769 349.3104696 0.0 3.0 27.0 25.0 5.0 6.0 10.0 0.0 81.1878 17.0 0 0 
0 61.42 0.0 2.8509 324.76762 0.0 0.0 26.0 23.0 4.0 6.0 5.0 0.0 87.616 21.0 0 0 
1 70.34 0.0 4.0478 307.32 0.0 0.0 25.0 23.0 2.0 4.0 6.0 2.0 86.6905 17.0 0 1 
0 66.76 3.0 2.7992 355.45068 0.0 0.0 32.0 28.0 5.0 3.0 21.0 1.0 104.9862 10.0 1 0 
1 124.11 2.0 7.2406 575.67522 0.0 0.0 45.0 41.0 8.0 9.0 19.0 4.0 157.8159 22.0 0 0 
1 82.5 0.0 2.43 297.34832 0.0 0.0 23.0 21.0 3.0 4.0 9.0 2.0 79.656 12.0 0 1 
0 42.77 2.0 3.9515 349.87494 0.0 0.0 28.0 25.0 4.0 3.0 21.0 1.0 100.6389 6.0 1 0 
1 120.53 3.0 -0.8565 268.24926 0.0 0.0 21.0 20.0 8.0 7.0 11.0 4.0 63.8072 6.0 0 0 
1 94.8 2.0 3.4325 236.29018 0.0 0.0 17.0 16.0 4.0 5.0 6.0 1.0 63.3269 10.0 0 0 
0 77.91 2.0 4.1641 413.94358 0.0 0.0 33.0 29.0 5.0 5.0 16.0 1.0 126.4394 16.0 1 0 
0 58.56 3.0 0.8346 288.36478 0.0 0.0 25.0 23.0 5.0 3.0 14.0 1.0 87.5031 10.0 1 0 
1 37.61 0.0 3.2488 307.38954 0.0 0.0 25.0 23.0 3.0 4.0 8.0 1.0 93.043 16.0 0 0 
0 94.57 1.0 2.3974 212.22572 0.0 0.0 15.0 14.0 4.0 5.0 3.0 2.0 50.6464 10.0 0 0 
1 92.96 1.0 1.723 389.81622 0.0 0.0 31.0 28.0 9.0 8.0 17.0 2.0 107.9192 12.0 1 0 
0 38.97 1.0 3.4638 332.86756 0.0 0.0 25.0 23.0 3.0 2.0 12.0 1.0 95.4117 12.0 1 0 
0 52.05 1.0 2.6446 168.5804 0.0 0.0 12.0 11.0 2.0 3.0 2.0 0.0 43.4234 10.0 0 0 
